 0.000000e+00 -1.136364e-02 
 1.000000e-05 -1.136364e-02 
 2.000000e-05 -1.136364e-02 
 4.000000e-05 -1.136364e-02 
 8.000000e-05 -1.136364e-02 
 1.600000e-04 -1.136364e-02 
 3.200000e-04 -1.136364e-02 
 6.400000e-04 -1.136364e-02 
 1.280000e-03 -1.136364e-02 
 2.280000e-03 -1.136364e-02 
 3.280000e-03 -1.136364e-02 
 4.280000e-03 -1.136364e-02 
 5.280000e-03 -1.136364e-02 
 6.280000e-03 -1.136364e-02 
 7.280000e-03 -1.136364e-02 
 8.280000e-03 -1.136364e-02 
 9.280000e-03 -1.136364e-02 
 1.028000e-02 -1.136364e-02 
 1.128000e-02 -1.136364e-02 
 1.228000e-02 -1.136364e-02 
 1.328000e-02 -1.136364e-02 
 1.428000e-02 -1.136364e-02 
 1.528000e-02 -1.136364e-02 
 1.628000e-02 -1.136364e-02 
 1.728000e-02 -1.136364e-02 
 1.828000e-02 -1.136364e-02 
 1.928000e-02 -1.136364e-02 
 2.028000e-02 -1.136364e-02 
 2.128000e-02 -1.136364e-02 
 2.228000e-02 -1.136364e-02 
 2.328000e-02 -1.136364e-02 
 2.428000e-02 -1.136364e-02 
 2.528000e-02 -1.136364e-02 
 2.628000e-02 -1.136364e-02 
 2.728000e-02 -1.136364e-02 
 2.828000e-02 -1.136364e-02 
 2.928000e-02 -1.136364e-02 
 3.028000e-02 -1.136364e-02 
 3.128000e-02 -1.136364e-02 
 3.228000e-02 -1.136364e-02 
 3.328000e-02 -1.136364e-02 
 3.428000e-02 -1.136364e-02 
 3.528000e-02 -1.136364e-02 
 3.628000e-02 -1.136364e-02 
 3.728000e-02 -1.136364e-02 
 3.828000e-02 -1.136364e-02 
 3.928000e-02 -1.136364e-02 
 4.028000e-02 -1.136364e-02 
 4.128000e-02 -1.136364e-02 
 4.228000e-02 -1.136364e-02 
 4.328000e-02 -1.136364e-02 
 4.428000e-02 -1.136364e-02 
 4.528000e-02 -1.136364e-02 
 4.628000e-02 -1.136364e-02 
 4.728000e-02 -1.136364e-02 
 4.828000e-02 -1.136364e-02 
 4.928000e-02 -1.136364e-02 
 5.028000e-02 -1.136364e-02 
 5.128000e-02 -1.136364e-02 
 5.228000e-02 -1.136364e-02 
 5.328000e-02 -1.136364e-02 
 5.428000e-02 -1.136364e-02 
 5.528000e-02 -1.136364e-02 
 5.628000e-02 -1.136364e-02 
 5.728000e-02 -1.136364e-02 
 5.828000e-02 -1.136364e-02 
 5.928000e-02 -1.136364e-02 
 6.028000e-02 -1.136364e-02 
 6.128000e-02 -1.136364e-02 
 6.228000e-02 -1.136364e-02 
 6.328000e-02 -1.136364e-02 
 6.428000e-02 -1.136364e-02 
 6.528000e-02 -1.136364e-02 
 6.628000e-02 -1.136364e-02 
 6.728000e-02 -1.136364e-02 
 6.828000e-02 -1.136364e-02 
 6.928000e-02 -1.136364e-02 
 7.028000e-02 -1.136364e-02 
 7.128000e-02 -1.136364e-02 
 7.228000e-02 -1.136364e-02 
 7.328000e-02 -1.136364e-02 
 7.428000e-02 -1.136364e-02 
 7.528000e-02 -1.136364e-02 
 7.628000e-02 -1.136364e-02 
 7.728000e-02 -1.136364e-02 
 7.828000e-02 -1.136364e-02 
 7.928000e-02 -1.136364e-02 
 8.028000e-02 -1.136364e-02 
 8.128000e-02 -1.136364e-02 
 8.228000e-02 -1.136364e-02 
 8.328000e-02 -1.136364e-02 
 8.428000e-02 -1.136364e-02 
 8.528000e-02 -1.136364e-02 
 8.628000e-02 -1.136364e-02 
 8.728000e-02 -1.136364e-02 
 8.828000e-02 -1.136364e-02 
 8.928000e-02 -1.136364e-02 
 9.028000e-02 -1.136364e-02 
 9.128000e-02 -1.136364e-02 
 9.228000e-02 -1.136364e-02 
 9.328000e-02 -1.136364e-02 
 9.428000e-02 -1.136364e-02 
 9.528000e-02 -1.136364e-02 
 9.628000e-02 -1.136364e-02 
 9.728000e-02 -1.136364e-02 
 9.828000e-02 -1.136364e-02 
 9.928000e-02 -1.136364e-02 
 1.002800e-01 -1.136364e-02 
 1.012800e-01 -1.136364e-02 
 1.022800e-01 -1.136364e-02 
 1.032800e-01 -1.136364e-02 
 1.042800e-01 -1.136364e-02 
 1.052800e-01 -1.136364e-02 
 1.062800e-01 -1.136364e-02 
 1.072800e-01 -1.136364e-02 
 1.082800e-01 -1.136364e-02 
 1.092800e-01 -1.136364e-02 
 1.102800e-01 -1.136364e-02 
 1.112800e-01 -1.136364e-02 
 1.122800e-01 -1.136364e-02 
 1.132800e-01 -1.136364e-02 
 1.142800e-01 -1.136364e-02 
 1.152800e-01 -1.136364e-02 
 1.162800e-01 -1.136364e-02 
 1.172800e-01 -1.136364e-02 
 1.182800e-01 -1.136364e-02 
 1.192800e-01 -1.136364e-02 
 1.202800e-01 -1.136364e-02 
 1.212800e-01 -1.136364e-02 
 1.222800e-01 -1.136364e-02 
 1.232800e-01 -1.136364e-02 
 1.242800e-01 -1.136364e-02 
 1.252800e-01 -1.136364e-02 
 1.262800e-01 -1.136364e-02 
 1.272800e-01 -1.136364e-02 
 1.282800e-01 -1.136364e-02 
 1.292800e-01 -1.136364e-02 
 1.302800e-01 -1.136364e-02 
 1.312800e-01 -1.136364e-02 
 1.322800e-01 -1.136364e-02 
 1.332800e-01 -1.136364e-02 
 1.342800e-01 -1.136364e-02 
 1.352800e-01 -1.136364e-02 
 1.362800e-01 -1.136364e-02 
 1.372800e-01 -1.136364e-02 
 1.382800e-01 -1.136364e-02 
 1.392800e-01 -1.136364e-02 
 1.402800e-01 -1.136364e-02 
 1.412800e-01 -1.136364e-02 
 1.422800e-01 -1.136364e-02 
 1.432800e-01 -1.136364e-02 
 1.442800e-01 -1.136364e-02 
 1.452800e-01 -1.136364e-02 
 1.462800e-01 -1.136364e-02 
 1.472800e-01 -1.136364e-02 
 1.482800e-01 -1.136364e-02 
 1.492800e-01 -1.136364e-02 
 1.502800e-01 -1.136364e-02 
 1.512800e-01 -1.136364e-02 
 1.522800e-01 -1.136364e-02 
 1.532800e-01 -1.136364e-02 
 1.542800e-01 -1.136364e-02 
 1.552800e-01 -1.136364e-02 
 1.562800e-01 -1.136364e-02 
 1.572800e-01 -1.136364e-02 
 1.582800e-01 -1.136364e-02 
 1.592800e-01 -1.136364e-02 
 1.602800e-01 -1.136364e-02 
 1.612800e-01 -1.136364e-02 
 1.622800e-01 -1.136364e-02 
 1.632800e-01 -1.136364e-02 
 1.642800e-01 -1.136364e-02 
 1.652800e-01 -1.136364e-02 
 1.662800e-01 -1.136364e-02 
 1.672800e-01 -1.136364e-02 
 1.682800e-01 -1.136364e-02 
 1.692800e-01 -1.136364e-02 
 1.702800e-01 -1.136364e-02 
 1.712800e-01 -1.136364e-02 
 1.722800e-01 -1.136364e-02 
 1.732800e-01 -1.136364e-02 
 1.742800e-01 -1.136364e-02 
 1.752800e-01 -1.136364e-02 
 1.762800e-01 -1.136364e-02 
 1.772800e-01 -1.136364e-02 
 1.782800e-01 -1.136364e-02 
 1.792800e-01 -1.136364e-02 
 1.802800e-01 -1.136364e-02 
 1.812800e-01 -1.136364e-02 
 1.822800e-01 -1.136364e-02 
 1.832800e-01 -1.136364e-02 
 1.842800e-01 -1.136364e-02 
 1.852800e-01 -1.136364e-02 
 1.862800e-01 -1.136364e-02 
 1.872800e-01 -1.136364e-02 
 1.882800e-01 -1.136364e-02 
 1.892800e-01 -1.136364e-02 
 1.902800e-01 -1.136364e-02 
 1.912800e-01 -1.136364e-02 
 1.922800e-01 -1.136364e-02 
 1.932800e-01 -1.136364e-02 
 1.942800e-01 -1.136364e-02 
 1.952800e-01 -1.136364e-02 
 1.962800e-01 -1.136364e-02 
 1.972800e-01 -1.136364e-02 
 1.982800e-01 -1.136364e-02 
 1.992800e-01 -1.136364e-02 
 2.002800e-01 -1.136364e-02 
 2.012800e-01 -1.136364e-02 
 2.022800e-01 -1.136364e-02 
 2.032800e-01 -1.136364e-02 
 2.042800e-01 -1.136364e-02 
 2.052800e-01 -1.136364e-02 
 2.062800e-01 -1.136364e-02 
 2.072800e-01 -1.136364e-02 
 2.082800e-01 -1.136364e-02 
 2.092800e-01 -1.136364e-02 
 2.102800e-01 -1.136364e-02 
 2.112800e-01 -1.136364e-02 
 2.122800e-01 -1.136364e-02 
 2.132800e-01 -1.136364e-02 
 2.142800e-01 -1.136364e-02 
 2.152800e-01 -1.136364e-02 
 2.162800e-01 -1.136364e-02 
 2.172800e-01 -1.136364e-02 
 2.182800e-01 -1.136364e-02 
 2.192800e-01 -1.136364e-02 
 2.202800e-01 -1.136364e-02 
 2.212800e-01 -1.136364e-02 
 2.222800e-01 -1.136364e-02 
 2.232800e-01 -1.136364e-02 
 2.242800e-01 -1.136364e-02 
 2.252800e-01 -1.136364e-02 
 2.262800e-01 -1.136364e-02 
 2.272800e-01 -1.136364e-02 
 2.282800e-01 -1.136364e-02 
 2.292800e-01 -1.136364e-02 
 2.302800e-01 -1.136364e-02 
 2.312800e-01 -1.136364e-02 
 2.322800e-01 -1.136364e-02 
 2.332800e-01 -1.136364e-02 
 2.342800e-01 -1.136364e-02 
 2.352800e-01 -1.136364e-02 
 2.362800e-01 -1.136364e-02 
 2.372800e-01 -1.136364e-02 
 2.382800e-01 -1.136364e-02 
 2.392800e-01 -1.136364e-02 
 2.402800e-01 -1.136364e-02 
 2.412800e-01 -1.136364e-02 
 2.422800e-01 -1.136364e-02 
 2.432800e-01 -1.136364e-02 
 2.442800e-01 -1.136364e-02 
 2.452800e-01 -1.136364e-02 
 2.462800e-01 -1.136364e-02 
 2.472800e-01 -1.136364e-02 
 2.482800e-01 -1.136364e-02 
 2.492800e-01 -1.136364e-02 
 2.502800e-01 -1.136364e-02 
 2.512800e-01 -1.136364e-02 
 2.522800e-01 -1.136364e-02 
 2.532800e-01 -1.136364e-02 
 2.542800e-01 -1.136364e-02 
 2.552800e-01 -1.136364e-02 
 2.562800e-01 -1.136364e-02 
 2.572800e-01 -1.136364e-02 
 2.582800e-01 -1.136364e-02 
 2.592800e-01 -1.136364e-02 
 2.602800e-01 -1.136364e-02 
 2.612800e-01 -1.136364e-02 
 2.622800e-01 -1.136364e-02 
 2.632800e-01 -1.136364e-02 
 2.642800e-01 -1.136364e-02 
 2.652800e-01 -1.136364e-02 
 2.662800e-01 -1.136364e-02 
 2.672800e-01 -1.136364e-02 
 2.682800e-01 -1.136364e-02 
 2.692800e-01 -1.136364e-02 
 2.702800e-01 -1.136364e-02 
 2.712800e-01 -1.136364e-02 
 2.722800e-01 -1.136364e-02 
 2.732800e-01 -1.136364e-02 
 2.742800e-01 -1.136364e-02 
 2.752800e-01 -1.136364e-02 
 2.762800e-01 -1.136364e-02 
 2.772800e-01 -1.136364e-02 
 2.782800e-01 -1.136364e-02 
 2.792800e-01 -1.136364e-02 
 2.802800e-01 -1.136364e-02 
 2.812800e-01 -1.136364e-02 
 2.822800e-01 -1.136364e-02 
 2.832800e-01 -1.136364e-02 
 2.842800e-01 -1.136364e-02 
 2.852800e-01 -1.136364e-02 
 2.862800e-01 -1.136364e-02 
 2.872800e-01 -1.136364e-02 
 2.882800e-01 -1.136364e-02 
 2.892800e-01 -1.136364e-02 
 2.902800e-01 -1.136364e-02 
 2.912800e-01 -1.136364e-02 
 2.922800e-01 -1.136364e-02 
 2.932800e-01 -1.136364e-02 
 2.942800e-01 -1.136364e-02 
 2.952800e-01 -1.136364e-02 
 2.962800e-01 -1.136364e-02 
 2.972800e-01 -1.136364e-02 
 2.982800e-01 -1.136364e-02 
 2.992800e-01 -1.136364e-02 
 3.002800e-01 -1.136364e-02 
 3.012800e-01 -1.136364e-02 
 3.022800e-01 -1.136364e-02 
 3.032800e-01 -1.136364e-02 
 3.042800e-01 -1.136364e-02 
 3.052800e-01 -1.136364e-02 
 3.062800e-01 -1.136364e-02 
 3.072800e-01 -1.136364e-02 
 3.082800e-01 -1.136364e-02 
 3.092800e-01 -1.136364e-02 
 3.102800e-01 -1.136364e-02 
 3.112800e-01 -1.136364e-02 
 3.122800e-01 -1.136364e-02 
 3.132800e-01 -1.136364e-02 
 3.142800e-01 -1.136364e-02 
 3.152800e-01 -1.136364e-02 
 3.162800e-01 -1.136364e-02 
 3.172800e-01 -1.136364e-02 
 3.182800e-01 -1.136364e-02 
 3.192800e-01 -1.136364e-02 
 3.202800e-01 -1.136364e-02 
 3.212800e-01 -1.136364e-02 
 3.222800e-01 -1.136364e-02 
 3.232800e-01 -1.136364e-02 
 3.242800e-01 -1.136364e-02 
 3.252800e-01 -1.136364e-02 
 3.262800e-01 -1.136364e-02 
 3.272800e-01 -1.136364e-02 
 3.282800e-01 -1.136364e-02 
 3.292800e-01 -1.136364e-02 
 3.302800e-01 -1.136364e-02 
 3.312800e-01 -1.136364e-02 
 3.322800e-01 -1.136364e-02 
 3.332800e-01 -1.136364e-02 
 3.342800e-01 -1.136364e-02 
 3.352800e-01 -1.136364e-02 
 3.362800e-01 -1.136364e-02 
 3.372800e-01 -1.136364e-02 
 3.382800e-01 -1.136364e-02 
 3.392800e-01 -1.136364e-02 
 3.402800e-01 -1.136364e-02 
 3.412800e-01 -1.136364e-02 
 3.422800e-01 -1.136364e-02 
 3.432800e-01 -1.136364e-02 
 3.442800e-01 -1.136364e-02 
 3.452800e-01 -1.136364e-02 
 3.462800e-01 -1.136364e-02 
 3.472800e-01 -1.136364e-02 
 3.482800e-01 -1.136364e-02 
 3.492800e-01 -1.136364e-02 
 3.502800e-01 -1.136364e-02 
 3.512800e-01 -1.136364e-02 
 3.522800e-01 -1.136364e-02 
 3.532800e-01 -1.136364e-02 
 3.542800e-01 -1.136364e-02 
 3.552800e-01 -1.136364e-02 
 3.562800e-01 -1.136364e-02 
 3.572800e-01 -1.136364e-02 
 3.582800e-01 -1.136364e-02 
 3.592800e-01 -1.136364e-02 
 3.602800e-01 -1.136364e-02 
 3.612800e-01 -1.136364e-02 
 3.622800e-01 -1.136364e-02 
 3.632800e-01 -1.136364e-02 
 3.642800e-01 -1.136364e-02 
 3.652800e-01 -1.136364e-02 
 3.662800e-01 -1.136364e-02 
 3.672800e-01 -1.136364e-02 
 3.682800e-01 -1.136364e-02 
 3.692800e-01 -1.136364e-02 
 3.702800e-01 -1.136364e-02 
 3.712800e-01 -1.136364e-02 
 3.722800e-01 -1.136364e-02 
 3.732800e-01 -1.136364e-02 
 3.742800e-01 -1.136364e-02 
 3.752800e-01 -1.136364e-02 
 3.762800e-01 -1.136364e-02 
 3.772800e-01 -1.136364e-02 
 3.782800e-01 -1.136364e-02 
 3.792800e-01 -1.136364e-02 
 3.802800e-01 -1.136364e-02 
 3.812800e-01 -1.136364e-02 
 3.822800e-01 -1.136364e-02 
 3.832800e-01 -1.136364e-02 
 3.842800e-01 -1.136364e-02 
 3.852800e-01 -1.136364e-02 
 3.862800e-01 -1.136364e-02 
 3.872800e-01 -1.136364e-02 
 3.882800e-01 -1.136364e-02 
 3.892800e-01 -1.136364e-02 
 3.902800e-01 -1.136364e-02 
 3.912800e-01 -1.136364e-02 
 3.922800e-01 -1.136364e-02 
 3.932800e-01 -1.136364e-02 
 3.942800e-01 -1.136364e-02 
 3.952800e-01 -1.136364e-02 
 3.962800e-01 -1.136364e-02 
 3.972800e-01 -1.136364e-02 
 3.982800e-01 -1.136364e-02 
 3.992800e-01 -1.136364e-02 
 4.002800e-01 -1.136364e-02 
 4.012800e-01 -1.136364e-02 
 4.022800e-01 -1.136364e-02 
 4.032800e-01 -1.136364e-02 
 4.042800e-01 -1.136364e-02 
 4.052800e-01 -1.136364e-02 
 4.062800e-01 -1.136364e-02 
 4.072800e-01 -1.136364e-02 
 4.082800e-01 -1.136364e-02 
 4.092800e-01 -1.136364e-02 
 4.102800e-01 -1.136364e-02 
 4.112800e-01 -1.136364e-02 
 4.122800e-01 -1.136364e-02 
 4.132800e-01 -1.136364e-02 
 4.142800e-01 -1.136364e-02 
 4.152800e-01 -1.136364e-02 
 4.162800e-01 -1.136364e-02 
 4.172800e-01 -1.136364e-02 
 4.182800e-01 -1.136364e-02 
 4.192800e-01 -1.136364e-02 
 4.202800e-01 -1.136364e-02 
 4.212800e-01 -1.136364e-02 
 4.222800e-01 -1.136364e-02 
 4.232800e-01 -1.136364e-02 
 4.242800e-01 -1.136364e-02 
 4.252800e-01 -1.136364e-02 
 4.262800e-01 -1.136364e-02 
 4.272800e-01 -1.136364e-02 
 4.282800e-01 -1.136364e-02 
 4.292800e-01 -1.136364e-02 
 4.302800e-01 -1.136364e-02 
 4.312800e-01 -1.136364e-02 
 4.322800e-01 -1.136364e-02 
 4.332800e-01 -1.136364e-02 
 4.342800e-01 -1.136364e-02 
 4.352800e-01 -1.136364e-02 
 4.362800e-01 -1.136364e-02 
 4.372800e-01 -1.136364e-02 
 4.382800e-01 -1.136364e-02 
 4.392800e-01 -1.136364e-02 
 4.402800e-01 -1.136364e-02 
 4.412800e-01 -1.136364e-02 
 4.422800e-01 -1.136364e-02 
 4.432800e-01 -1.136364e-02 
 4.442800e-01 -1.136364e-02 
 4.452800e-01 -1.136364e-02 
 4.462800e-01 -1.136364e-02 
 4.472800e-01 -1.136364e-02 
 4.482800e-01 -1.136364e-02 
 4.492800e-01 -1.136364e-02 
 4.502800e-01 -1.136364e-02 
 4.512800e-01 -1.136364e-02 
 4.522800e-01 -1.136364e-02 
 4.532800e-01 -1.136364e-02 
 4.542800e-01 -1.136364e-02 
 4.552800e-01 -1.136364e-02 
 4.562800e-01 -1.136364e-02 
 4.572800e-01 -1.136364e-02 
 4.582800e-01 -1.136364e-02 
 4.592800e-01 -1.136364e-02 
 4.602800e-01 -1.136364e-02 
 4.612800e-01 -1.136364e-02 
 4.622800e-01 -1.136364e-02 
 4.632800e-01 -1.136364e-02 
 4.642800e-01 -1.136364e-02 
 4.652800e-01 -1.136364e-02 
 4.662800e-01 -1.136364e-02 
 4.672800e-01 -1.136364e-02 
 4.682800e-01 -1.136364e-02 
 4.692800e-01 -1.136364e-02 
 4.702800e-01 -1.136364e-02 
 4.712800e-01 -1.136364e-02 
 4.722800e-01 -1.136364e-02 
 4.732800e-01 -1.136364e-02 
 4.742800e-01 -1.136364e-02 
 4.752800e-01 -1.136364e-02 
 4.762800e-01 -1.136364e-02 
 4.772800e-01 -1.136364e-02 
 4.782800e-01 -1.136364e-02 
 4.792800e-01 -1.136364e-02 
 4.802800e-01 -1.136364e-02 
 4.812800e-01 -1.136364e-02 
 4.822800e-01 -1.136364e-02 
 4.832800e-01 -1.136364e-02 
 4.842800e-01 -1.136364e-02 
 4.852800e-01 -1.136364e-02 
 4.862800e-01 -1.136364e-02 
 4.872800e-01 -1.136364e-02 
 4.882800e-01 -1.136364e-02 
 4.892800e-01 -1.136364e-02 
 4.902800e-01 -1.136364e-02 
 4.912800e-01 -1.136364e-02 
 4.922800e-01 -1.136364e-02 
 4.932800e-01 -1.136364e-02 
 4.942800e-01 -1.136364e-02 
 4.952800e-01 -1.136364e-02 
 4.962800e-01 -1.136364e-02 
 4.972800e-01 -1.136364e-02 
 4.982800e-01 -1.136364e-02 
 4.992800e-01 -1.136364e-02 
 5.002800e-01 -1.136364e-02 
 5.012800e-01 -1.136364e-02 
 5.022800e-01 -1.136364e-02 
 5.032800e-01 -1.136364e-02 
 5.042800e-01 -1.136364e-02 
 5.052800e-01 -1.136364e-02 
 5.062800e-01 -1.136364e-02 
 5.072800e-01 -1.136364e-02 
 5.082800e-01 -1.136364e-02 
 5.092800e-01 -1.136364e-02 
 5.102800e-01 -1.136364e-02 
 5.112800e-01 -1.136364e-02 
 5.122800e-01 -1.136364e-02 
 5.132800e-01 -1.136364e-02 
 5.142800e-01 -1.136364e-02 
 5.152800e-01 -1.136364e-02 
 5.162800e-01 -1.136364e-02 
 5.172800e-01 -1.136364e-02 
 5.182800e-01 -1.136364e-02 
 5.192800e-01 -1.136364e-02 
 5.202800e-01 -1.136364e-02 
 5.212800e-01 -1.136364e-02 
 5.222800e-01 -1.136364e-02 
 5.232800e-01 -1.136364e-02 
 5.242800e-01 -1.136364e-02 
 5.252800e-01 -1.136364e-02 
 5.262800e-01 -1.136364e-02 
 5.272800e-01 -1.136364e-02 
 5.282800e-01 -1.136364e-02 
 5.292800e-01 -1.136364e-02 
 5.302800e-01 -1.136364e-02 
 5.312800e-01 -1.136364e-02 
 5.322800e-01 -1.136364e-02 
 5.332800e-01 -1.136364e-02 
 5.342800e-01 -1.136364e-02 
 5.352800e-01 -1.136364e-02 
 5.362800e-01 -1.136364e-02 
 5.372800e-01 -1.136364e-02 
 5.382800e-01 -1.136364e-02 
 5.392800e-01 -1.136364e-02 
 5.402800e-01 -1.136364e-02 
 5.412800e-01 -1.136364e-02 
 5.422800e-01 -1.136364e-02 
 5.432800e-01 -1.136364e-02 
 5.442800e-01 -1.136364e-02 
 5.452800e-01 -1.136364e-02 
 5.462800e-01 -1.136364e-02 
 5.472800e-01 -1.136364e-02 
 5.482800e-01 -1.136364e-02 
 5.492800e-01 -1.136364e-02 
 5.502800e-01 -1.136364e-02 
 5.512800e-01 -1.136364e-02 
 5.522800e-01 -1.136364e-02 
 5.532800e-01 -1.136364e-02 
 5.542800e-01 -1.136364e-02 
 5.552800e-01 -1.136364e-02 
 5.562800e-01 -1.136364e-02 
 5.572800e-01 -1.136364e-02 
 5.582800e-01 -1.136364e-02 
 5.592800e-01 -1.136364e-02 
 5.602800e-01 -1.136364e-02 
 5.612800e-01 -1.136364e-02 
 5.622800e-01 -1.136364e-02 
 5.632800e-01 -1.136364e-02 
 5.642800e-01 -1.136364e-02 
 5.652800e-01 -1.136364e-02 
 5.662800e-01 -1.136364e-02 
 5.672800e-01 -1.136364e-02 
 5.682800e-01 -1.136364e-02 
 5.692800e-01 -1.136364e-02 
 5.702800e-01 -1.136364e-02 
 5.712800e-01 -1.136364e-02 
 5.722800e-01 -1.136364e-02 
 5.732800e-01 -1.136364e-02 
 5.742800e-01 -1.136364e-02 
 5.752800e-01 -1.136364e-02 
 5.762800e-01 -1.136364e-02 
 5.772800e-01 -1.136364e-02 
 5.782800e-01 -1.136364e-02 
 5.792800e-01 -1.136364e-02 
 5.802800e-01 -1.136364e-02 
 5.812800e-01 -1.136364e-02 
 5.822800e-01 -1.136364e-02 
 5.832800e-01 -1.136364e-02 
 5.842800e-01 -1.136364e-02 
 5.852800e-01 -1.136364e-02 
 5.862800e-01 -1.136364e-02 
 5.872800e-01 -1.136364e-02 
 5.882800e-01 -1.136364e-02 
 5.892800e-01 -1.136364e-02 
 5.902800e-01 -1.136364e-02 
 5.912800e-01 -1.136364e-02 
 5.922800e-01 -1.136364e-02 
 5.932800e-01 -1.136364e-02 
 5.942800e-01 -1.136364e-02 
 5.952800e-01 -1.136364e-02 
 5.962800e-01 -1.136364e-02 
 5.972800e-01 -1.136364e-02 
 5.982800e-01 -1.136364e-02 
 5.992800e-01 -1.136364e-02 
 6.002800e-01 -1.136364e-02 
 6.012800e-01 -1.136364e-02 
 6.022800e-01 -1.136364e-02 
 6.032800e-01 -1.136364e-02 
 6.042800e-01 -1.136364e-02 
 6.052800e-01 -1.136364e-02 
 6.062800e-01 -1.136364e-02 
 6.072800e-01 -1.136364e-02 
 6.082800e-01 -1.136364e-02 
 6.092800e-01 -1.136364e-02 
 6.102800e-01 -1.136364e-02 
 6.112800e-01 -1.136364e-02 
 6.122800e-01 -1.136364e-02 
 6.132800e-01 -1.136364e-02 
 6.142800e-01 -1.136364e-02 
 6.152800e-01 -1.136364e-02 
 6.162800e-01 -1.136364e-02 
 6.172800e-01 -1.136364e-02 
 6.182800e-01 -1.136364e-02 
 6.192800e-01 -1.136364e-02 
 6.202800e-01 -1.136364e-02 
 6.212800e-01 -1.136364e-02 
 6.222800e-01 -1.136364e-02 
 6.232800e-01 -1.136364e-02 
 6.242800e-01 -1.136364e-02 
 6.252800e-01 -1.136364e-02 
 6.262800e-01 -1.136364e-02 
 6.272800e-01 -1.136364e-02 
 6.282800e-01 -1.136364e-02 
 6.292800e-01 -1.136364e-02 
 6.302800e-01 -1.136364e-02 
 6.312800e-01 -1.136364e-02 
 6.322800e-01 -1.136364e-02 
 6.332800e-01 -1.136364e-02 
 6.342800e-01 -1.136364e-02 
 6.352800e-01 -1.136364e-02 
 6.362800e-01 -1.136364e-02 
 6.372800e-01 -1.136364e-02 
 6.382800e-01 -1.136364e-02 
 6.392800e-01 -1.136364e-02 
 6.402800e-01 -1.136364e-02 
 6.412800e-01 -1.136364e-02 
 6.422800e-01 -1.136364e-02 
 6.432800e-01 -1.136364e-02 
 6.442800e-01 -1.136364e-02 
 6.452800e-01 -1.136364e-02 
 6.462800e-01 -1.136364e-02 
 6.472800e-01 -1.136364e-02 
 6.482800e-01 -1.136364e-02 
 6.492800e-01 -1.136364e-02 
 6.502800e-01 -1.136364e-02 
 6.512800e-01 -1.136364e-02 
 6.522800e-01 -1.136364e-02 
 6.532800e-01 -1.136364e-02 
 6.542800e-01 -1.136364e-02 
 6.552800e-01 -1.136364e-02 
 6.562800e-01 -1.136364e-02 
 6.572800e-01 -1.136364e-02 
 6.582800e-01 -1.136364e-02 
 6.592800e-01 -1.136364e-02 
 6.602800e-01 -1.136364e-02 
 6.612800e-01 -1.136364e-02 
 6.622800e-01 -1.136364e-02 
 6.632800e-01 -1.136364e-02 
 6.642800e-01 -1.136364e-02 
 6.652800e-01 -1.136364e-02 
 6.662800e-01 -1.136364e-02 
 6.672800e-01 -1.136364e-02 
 6.682800e-01 -1.136364e-02 
 6.692800e-01 -1.136364e-02 
 6.702800e-01 -1.136364e-02 
 6.712800e-01 -1.136364e-02 
 6.722800e-01 -1.136364e-02 
 6.732800e-01 -1.136364e-02 
 6.742800e-01 -1.136364e-02 
 6.752800e-01 -1.136364e-02 
 6.762800e-01 -1.136364e-02 
 6.772800e-01 -1.136364e-02 
 6.782800e-01 -1.136364e-02 
 6.792800e-01 -1.136364e-02 
 6.802800e-01 -1.136364e-02 
 6.812800e-01 -1.136364e-02 
 6.822800e-01 -1.136364e-02 
 6.832800e-01 -1.136364e-02 
 6.842800e-01 -1.136364e-02 
 6.852800e-01 -1.136364e-02 
 6.862800e-01 -1.136364e-02 
 6.872800e-01 -1.136364e-02 
 6.882800e-01 -1.136364e-02 
 6.892800e-01 -1.136364e-02 
 6.902800e-01 -1.136364e-02 
 6.912800e-01 -1.136364e-02 
 6.922800e-01 -1.136364e-02 
 6.932800e-01 -1.136364e-02 
 6.942800e-01 -1.136364e-02 
 6.952800e-01 -1.136364e-02 
 6.962800e-01 -1.136364e-02 
 6.972800e-01 -1.136364e-02 
 6.982800e-01 -1.136364e-02 
 6.992800e-01 -1.136364e-02 
 7.002800e-01 -1.136364e-02 
 7.012800e-01 -1.136364e-02 
 7.022800e-01 -1.136364e-02 
 7.032800e-01 -1.136364e-02 
 7.042800e-01 -1.136364e-02 
 7.052800e-01 -1.136364e-02 
 7.062800e-01 -1.136364e-02 
 7.072800e-01 -1.136364e-02 
 7.082800e-01 -1.136364e-02 
 7.092800e-01 -1.136364e-02 
 7.102800e-01 -1.136364e-02 
 7.112800e-01 -1.136364e-02 
 7.122800e-01 -1.136364e-02 
 7.132800e-01 -1.136364e-02 
 7.142800e-01 -1.136364e-02 
 7.152800e-01 -1.136364e-02 
 7.162800e-01 -1.136364e-02 
 7.172800e-01 -1.136364e-02 
 7.182800e-01 -1.136364e-02 
 7.192800e-01 -1.136364e-02 
 7.202800e-01 -1.136364e-02 
 7.212800e-01 -1.136364e-02 
 7.222800e-01 -1.136364e-02 
 7.232800e-01 -1.136364e-02 
 7.242800e-01 -1.136364e-02 
 7.252800e-01 -1.136364e-02 
 7.262800e-01 -1.136364e-02 
 7.272800e-01 -1.136364e-02 
 7.282800e-01 -1.136364e-02 
 7.292800e-01 -1.136364e-02 
 7.302800e-01 -1.136364e-02 
 7.312800e-01 -1.136364e-02 
 7.322800e-01 -1.136364e-02 
 7.332800e-01 -1.136364e-02 
 7.342800e-01 -1.136364e-02 
 7.352800e-01 -1.136364e-02 
 7.362800e-01 -1.136364e-02 
 7.372800e-01 -1.136364e-02 
 7.382800e-01 -1.136364e-02 
 7.392800e-01 -1.136364e-02 
 7.402800e-01 -1.136364e-02 
 7.412800e-01 -1.136364e-02 
 7.422800e-01 -1.136364e-02 
 7.432800e-01 -1.136364e-02 
 7.442800e-01 -1.136364e-02 
 7.452800e-01 -1.136364e-02 
 7.462800e-01 -1.136364e-02 
 7.472800e-01 -1.136364e-02 
 7.482800e-01 -1.136364e-02 
 7.492800e-01 -1.136364e-02 
 7.502800e-01 -1.136364e-02 
 7.512800e-01 -1.136364e-02 
 7.522800e-01 -1.136364e-02 
 7.532800e-01 -1.136364e-02 
 7.542800e-01 -1.136364e-02 
 7.552800e-01 -1.136364e-02 
 7.562800e-01 -1.136364e-02 
 7.572800e-01 -1.136364e-02 
 7.582800e-01 -1.136364e-02 
 7.592800e-01 -1.136364e-02 
 7.602800e-01 -1.136364e-02 
 7.612800e-01 -1.136364e-02 
 7.622800e-01 -1.136364e-02 
 7.632800e-01 -1.136364e-02 
 7.642800e-01 -1.136364e-02 
 7.652800e-01 -1.136364e-02 
 7.662800e-01 -1.136364e-02 
 7.672800e-01 -1.136364e-02 
 7.682800e-01 -1.136364e-02 
 7.692800e-01 -1.136364e-02 
 7.702800e-01 -1.136364e-02 
 7.712800e-01 -1.136364e-02 
 7.722800e-01 -1.136364e-02 
 7.732800e-01 -1.136364e-02 
 7.742800e-01 -1.136364e-02 
 7.752800e-01 -1.136364e-02 
 7.762800e-01 -1.136364e-02 
 7.772800e-01 -1.136364e-02 
 7.782800e-01 -1.136364e-02 
 7.792800e-01 -1.136364e-02 
 7.802800e-01 -1.136364e-02 
 7.812800e-01 -1.136364e-02 
 7.822800e-01 -1.136364e-02 
 7.832800e-01 -1.136364e-02 
 7.842800e-01 -1.136364e-02 
 7.852800e-01 -1.136364e-02 
 7.862800e-01 -1.136364e-02 
 7.872800e-01 -1.136364e-02 
 7.882800e-01 -1.136364e-02 
 7.892800e-01 -1.136364e-02 
 7.902800e-01 -1.136364e-02 
 7.912800e-01 -1.136364e-02 
 7.922800e-01 -1.136364e-02 
 7.932800e-01 -1.136364e-02 
 7.942800e-01 -1.136364e-02 
 7.952800e-01 -1.136364e-02 
 7.962800e-01 -1.136364e-02 
 7.972800e-01 -1.136364e-02 
 7.982800e-01 -1.136364e-02 
 7.992800e-01 -1.136364e-02 
 8.002800e-01 -1.136364e-02 
 8.012800e-01 -1.136364e-02 
 8.022800e-01 -1.136364e-02 
 8.032800e-01 -1.136364e-02 
 8.042800e-01 -1.136364e-02 
 8.052800e-01 -1.136364e-02 
 8.062800e-01 -1.136364e-02 
 8.072800e-01 -1.136364e-02 
 8.082800e-01 -1.136364e-02 
 8.092800e-01 -1.136364e-02 
 8.102800e-01 -1.136364e-02 
 8.112800e-01 -1.136364e-02 
 8.122800e-01 -1.136364e-02 
 8.132800e-01 -1.136364e-02 
 8.142800e-01 -1.136364e-02 
 8.152800e-01 -1.136364e-02 
 8.162800e-01 -1.136364e-02 
 8.172800e-01 -1.136364e-02 
 8.182800e-01 -1.136364e-02 
 8.192800e-01 -1.136364e-02 
 8.202800e-01 -1.136364e-02 
 8.212800e-01 -1.136364e-02 
 8.222800e-01 -1.136364e-02 
 8.232800e-01 -1.136364e-02 
 8.242800e-01 -1.136364e-02 
 8.252800e-01 -1.136364e-02 
 8.262800e-01 -1.136364e-02 
 8.272800e-01 -1.136364e-02 
 8.282800e-01 -1.136364e-02 
 8.292800e-01 -1.136364e-02 
 8.302800e-01 -1.136364e-02 
 8.312800e-01 -1.136364e-02 
 8.322800e-01 -1.136364e-02 
 8.332800e-01 -1.136364e-02 
 8.342800e-01 -1.136364e-02 
 8.352800e-01 -1.136364e-02 
 8.362800e-01 -1.136364e-02 
 8.372800e-01 -1.136364e-02 
 8.382800e-01 -1.136364e-02 
 8.392800e-01 -1.136364e-02 
 8.402800e-01 -1.136364e-02 
 8.412800e-01 -1.136364e-02 
 8.422800e-01 -1.136364e-02 
 8.432800e-01 -1.136364e-02 
 8.442800e-01 -1.136364e-02 
 8.452800e-01 -1.136364e-02 
 8.462800e-01 -1.136364e-02 
 8.472800e-01 -1.136364e-02 
 8.482800e-01 -1.136364e-02 
 8.492800e-01 -1.136364e-02 
 8.502800e-01 -1.136364e-02 
 8.512800e-01 -1.136364e-02 
 8.522800e-01 -1.136364e-02 
 8.532800e-01 -1.136364e-02 
 8.542800e-01 -1.136364e-02 
 8.552800e-01 -1.136364e-02 
 8.562800e-01 -1.136364e-02 
 8.572800e-01 -1.136364e-02 
 8.582800e-01 -1.136364e-02 
 8.592800e-01 -1.136364e-02 
 8.602800e-01 -1.136364e-02 
 8.612800e-01 -1.136364e-02 
 8.622800e-01 -1.136364e-02 
 8.632800e-01 -1.136364e-02 
 8.642800e-01 -1.136364e-02 
 8.652800e-01 -1.136364e-02 
 8.662800e-01 -1.136364e-02 
 8.672800e-01 -1.136364e-02 
 8.682800e-01 -1.136364e-02 
 8.692800e-01 -1.136364e-02 
 8.702800e-01 -1.136364e-02 
 8.712800e-01 -1.136364e-02 
 8.722800e-01 -1.136364e-02 
 8.732800e-01 -1.136364e-02 
 8.742800e-01 -1.136364e-02 
 8.752800e-01 -1.136364e-02 
 8.762800e-01 -1.136364e-02 
 8.772800e-01 -1.136364e-02 
 8.782800e-01 -1.136364e-02 
 8.792800e-01 -1.136364e-02 
 8.802800e-01 -1.136364e-02 
 8.812800e-01 -1.136364e-02 
 8.822800e-01 -1.136364e-02 
 8.832800e-01 -1.136364e-02 
 8.842800e-01 -1.136364e-02 
 8.852800e-01 -1.136364e-02 
 8.862800e-01 -1.136364e-02 
 8.872800e-01 -1.136364e-02 
 8.882800e-01 -1.136364e-02 
 8.892800e-01 -1.136364e-02 
 8.902800e-01 -1.136364e-02 
 8.912800e-01 -1.136364e-02 
 8.922800e-01 -1.136364e-02 
 8.932800e-01 -1.136364e-02 
 8.942800e-01 -1.136364e-02 
 8.952800e-01 -1.136364e-02 
 8.962800e-01 -1.136364e-02 
 8.972800e-01 -1.136364e-02 
 8.982800e-01 -1.136364e-02 
 8.992800e-01 -1.136364e-02 
 9.002800e-01 -1.136364e-02 
 9.012800e-01 -1.136364e-02 
 9.022800e-01 -1.136364e-02 
 9.032800e-01 -1.136364e-02 
 9.042800e-01 -1.136364e-02 
 9.052800e-01 -1.136364e-02 
 9.062800e-01 -1.136364e-02 
 9.072800e-01 -1.136364e-02 
 9.082800e-01 -1.136364e-02 
 9.092800e-01 -1.136364e-02 
 9.102800e-01 -1.136364e-02 
 9.112800e-01 -1.136364e-02 
 9.122800e-01 -1.136364e-02 
 9.132800e-01 -1.136364e-02 
 9.142800e-01 -1.136364e-02 
 9.152800e-01 -1.136364e-02 
 9.162800e-01 -1.136364e-02 
 9.172800e-01 -1.136364e-02 
 9.182800e-01 -1.136364e-02 
 9.192800e-01 -1.136364e-02 
 9.202800e-01 -1.136364e-02 
 9.212800e-01 -1.136364e-02 
 9.222800e-01 -1.136364e-02 
 9.232800e-01 -1.136364e-02 
 9.242800e-01 -1.136364e-02 
 9.252800e-01 -1.136364e-02 
 9.262800e-01 -1.136364e-02 
 9.272800e-01 -1.136364e-02 
 9.282800e-01 -1.136364e-02 
 9.292800e-01 -1.136364e-02 
 9.302800e-01 -1.136364e-02 
 9.312800e-01 -1.136364e-02 
 9.322800e-01 -1.136364e-02 
 9.332800e-01 -1.136364e-02 
 9.342800e-01 -1.136364e-02 
 9.352800e-01 -1.136364e-02 
 9.362800e-01 -1.136364e-02 
 9.372800e-01 -1.136364e-02 
 9.382800e-01 -1.136364e-02 
 9.392800e-01 -1.136364e-02 
 9.402800e-01 -1.136364e-02 
 9.412800e-01 -1.136364e-02 
 9.422800e-01 -1.136364e-02 
 9.432800e-01 -1.136364e-02 
 9.442800e-01 -1.136364e-02 
 9.452800e-01 -1.136364e-02 
 9.462800e-01 -1.136364e-02 
 9.472800e-01 -1.136364e-02 
 9.482800e-01 -1.136364e-02 
 9.492800e-01 -1.136364e-02 
 9.502800e-01 -1.136364e-02 
 9.512800e-01 -1.136364e-02 
 9.522800e-01 -1.136364e-02 
 9.532800e-01 -1.136364e-02 
 9.542800e-01 -1.136364e-02 
 9.552800e-01 -1.136364e-02 
 9.562800e-01 -1.136364e-02 
 9.572800e-01 -1.136364e-02 
 9.582800e-01 -1.136364e-02 
 9.592800e-01 -1.136364e-02 
 9.602800e-01 -1.136364e-02 
 9.612800e-01 -1.136364e-02 
 9.622800e-01 -1.136364e-02 
 9.632800e-01 -1.136364e-02 
 9.642800e-01 -1.136364e-02 
 9.652800e-01 -1.136364e-02 
 9.662800e-01 -1.136364e-02 
 9.672800e-01 -1.136364e-02 
 9.682800e-01 -1.136364e-02 
 9.692800e-01 -1.136364e-02 
 9.702800e-01 -1.136364e-02 
 9.712800e-01 -1.136364e-02 
 9.722800e-01 -1.136364e-02 
 9.732800e-01 -1.136364e-02 
 9.742800e-01 -1.136364e-02 
 9.752800e-01 -1.136364e-02 
 9.762800e-01 -1.136364e-02 
 9.772800e-01 -1.136364e-02 
 9.782800e-01 -1.136364e-02 
 9.792800e-01 -1.136364e-02 
 9.802800e-01 -1.136364e-02 
 9.812800e-01 -1.136364e-02 
 9.822800e-01 -1.136364e-02 
 9.832800e-01 -1.136364e-02 
 9.842800e-01 -1.136364e-02 
 9.852800e-01 -1.136364e-02 
 9.862800e-01 -1.136364e-02 
 9.872800e-01 -1.136364e-02 
 9.882800e-01 -1.136364e-02 
 9.892800e-01 -1.136364e-02 
 9.902800e-01 -1.136364e-02 
 9.912800e-01 -1.136364e-02 
 9.922800e-01 -1.136364e-02 
 9.932800e-01 -1.136364e-02 
 9.942800e-01 -1.136364e-02 
 9.952800e-01 -1.136364e-02 
 9.962800e-01 -1.136364e-02 
 9.972800e-01 -1.136364e-02 
 9.982800e-01 -1.136364e-02 
 9.992800e-01 -1.136364e-02 
 1.000280e+00 -1.136364e-02 
 1.001280e+00 -1.136364e-02 
 1.002280e+00 -1.136364e-02 
 1.003280e+00 -1.136364e-02 
 1.004280e+00 -1.136364e-02 
 1.005280e+00 -1.136364e-02 
 1.006280e+00 -1.136364e-02 
 1.007280e+00 -1.136364e-02 
 1.008280e+00 -1.136364e-02 
 1.009280e+00 -1.136364e-02 
 1.010280e+00 -1.136364e-02 
 1.011280e+00 -1.136364e-02 
 1.012280e+00 -1.136364e-02 
 1.013280e+00 -1.136364e-02 
 1.014280e+00 -1.136364e-02 
 1.015280e+00 -1.136364e-02 
 1.016280e+00 -1.136364e-02 
 1.017280e+00 -1.136364e-02 
 1.018280e+00 -1.136364e-02 
 1.019280e+00 -1.136364e-02 
 1.020280e+00 -1.136364e-02 
 1.021280e+00 -1.136364e-02 
 1.022280e+00 -1.136364e-02 
 1.023280e+00 -1.136364e-02 
 1.024280e+00 -1.136364e-02 
 1.025280e+00 -1.136364e-02 
 1.026280e+00 -1.136364e-02 
 1.027280e+00 -1.136364e-02 
 1.028280e+00 -1.136364e-02 
 1.029280e+00 -1.136364e-02 
 1.030280e+00 -1.136364e-02 
 1.031280e+00 -1.136364e-02 
 1.032280e+00 -1.136364e-02 
 1.033280e+00 -1.136364e-02 
 1.034280e+00 -1.136364e-02 
 1.035280e+00 -1.136364e-02 
 1.036280e+00 -1.136364e-02 
 1.037280e+00 -1.136364e-02 
 1.038280e+00 -1.136364e-02 
 1.039280e+00 -1.136364e-02 
 1.040280e+00 -1.136364e-02 
 1.041280e+00 -1.136364e-02 
 1.042280e+00 -1.136364e-02 
 1.043280e+00 -1.136364e-02 
 1.044280e+00 -1.136364e-02 
 1.045280e+00 -1.136364e-02 
 1.046280e+00 -1.136364e-02 
 1.047280e+00 -1.136364e-02 
 1.048280e+00 -1.136364e-02 
 1.049280e+00 -1.136364e-02 
 1.050280e+00 -1.136364e-02 
 1.051280e+00 -1.136364e-02 
 1.052280e+00 -1.136364e-02 
 1.053280e+00 -1.136364e-02 
 1.054280e+00 -1.136364e-02 
 1.055280e+00 -1.136364e-02 
 1.056280e+00 -1.136364e-02 
 1.057280e+00 -1.136364e-02 
 1.058280e+00 -1.136364e-02 
 1.059280e+00 -1.136364e-02 
 1.060280e+00 -1.136364e-02 
 1.061280e+00 -1.136364e-02 
 1.062280e+00 -1.136364e-02 
 1.063280e+00 -1.136364e-02 
 1.064280e+00 -1.136364e-02 
 1.065280e+00 -1.136364e-02 
 1.066280e+00 -1.136364e-02 
 1.067280e+00 -1.136364e-02 
 1.068280e+00 -1.136364e-02 
 1.069280e+00 -1.136364e-02 
 1.070280e+00 -1.136364e-02 
 1.071280e+00 -1.136364e-02 
 1.072280e+00 -1.136364e-02 
 1.073280e+00 -1.136364e-02 
 1.074280e+00 -1.136364e-02 
 1.075280e+00 -1.136364e-02 
 1.076280e+00 -1.136364e-02 
 1.077280e+00 -1.136364e-02 
 1.078280e+00 -1.136364e-02 
 1.079280e+00 -1.136364e-02 
 1.080280e+00 -1.136364e-02 
 1.081280e+00 -1.136364e-02 
 1.082280e+00 -1.136364e-02 
 1.083280e+00 -1.136364e-02 
 1.084280e+00 -1.136364e-02 
 1.085280e+00 -1.136364e-02 
 1.086280e+00 -1.136364e-02 
 1.087280e+00 -1.136364e-02 
 1.088280e+00 -1.136364e-02 
 1.089280e+00 -1.136364e-02 
 1.090280e+00 -1.136364e-02 
 1.091280e+00 -1.136364e-02 
 1.092280e+00 -1.136364e-02 
 1.093280e+00 -1.136364e-02 
 1.094280e+00 -1.136364e-02 
 1.095280e+00 -1.136364e-02 
 1.096280e+00 -1.136364e-02 
 1.097280e+00 -1.136364e-02 
 1.098280e+00 -1.136364e-02 
 1.099280e+00 -1.136364e-02 
 1.100280e+00 -1.136364e-02 
 1.101280e+00 -1.136364e-02 
 1.102280e+00 -1.136364e-02 
 1.103280e+00 -1.136364e-02 
 1.104280e+00 -1.136364e-02 
 1.105280e+00 -1.136364e-02 
 1.106280e+00 -1.136364e-02 
 1.107280e+00 -1.136364e-02 
 1.108280e+00 -1.136364e-02 
 1.109280e+00 -1.136364e-02 
 1.110280e+00 -1.136364e-02 
 1.111280e+00 -1.136364e-02 
 1.112280e+00 -1.136364e-02 
 1.113280e+00 -1.136364e-02 
 1.114280e+00 -1.136364e-02 
 1.115280e+00 -1.136364e-02 
 1.116280e+00 -1.136364e-02 
 1.117280e+00 -1.136364e-02 
 1.118280e+00 -1.136364e-02 
 1.119280e+00 -1.136364e-02 
 1.120280e+00 -1.136364e-02 
 1.121280e+00 -1.136364e-02 
 1.122280e+00 -1.136364e-02 
 1.123280e+00 -1.136364e-02 
 1.124280e+00 -1.136364e-02 
 1.125280e+00 -1.136364e-02 
 1.126280e+00 -1.136364e-02 
 1.127280e+00 -1.136364e-02 
 1.128280e+00 -1.136364e-02 
 1.129280e+00 -1.136364e-02 
 1.130280e+00 -1.136364e-02 
 1.131280e+00 -1.136364e-02 
 1.132280e+00 -1.136364e-02 
 1.133280e+00 -1.136364e-02 
 1.134280e+00 -1.136364e-02 
 1.135280e+00 -1.136364e-02 
 1.136280e+00 -1.136364e-02 
 1.137280e+00 -1.136364e-02 
 1.138280e+00 -1.136364e-02 
 1.139280e+00 -1.136364e-02 
 1.140280e+00 -1.136364e-02 
 1.141280e+00 -1.136364e-02 
 1.142280e+00 -1.136364e-02 
 1.143280e+00 -1.136364e-02 
 1.144280e+00 -1.136364e-02 
 1.145280e+00 -1.136364e-02 
 1.146280e+00 -1.136364e-02 
 1.147280e+00 -1.136364e-02 
 1.148280e+00 -1.136364e-02 
 1.149280e+00 -1.136364e-02 
 1.150280e+00 -1.136364e-02 
 1.151280e+00 -1.136364e-02 
 1.152280e+00 -1.136364e-02 
 1.153280e+00 -1.136364e-02 
 1.154280e+00 -1.136364e-02 
 1.155280e+00 -1.136364e-02 
 1.156280e+00 -1.136364e-02 
 1.157280e+00 -1.136364e-02 
 1.158280e+00 -1.136364e-02 
 1.159280e+00 -1.136364e-02 
 1.160280e+00 -1.136364e-02 
 1.161280e+00 -1.136364e-02 
 1.162280e+00 -1.136364e-02 
 1.163280e+00 -1.136364e-02 
 1.164280e+00 -1.136364e-02 
 1.165280e+00 -1.136364e-02 
 1.166280e+00 -1.136364e-02 
 1.167280e+00 -1.136364e-02 
 1.168280e+00 -1.136364e-02 
 1.169280e+00 -1.136364e-02 
 1.170280e+00 -1.136364e-02 
 1.171280e+00 -1.136364e-02 
 1.172280e+00 -1.136364e-02 
 1.173280e+00 -1.136364e-02 
 1.174280e+00 -1.136364e-02 
 1.175280e+00 -1.136364e-02 
 1.176280e+00 -1.136364e-02 
 1.177280e+00 -1.136364e-02 
 1.178280e+00 -1.136364e-02 
 1.179280e+00 -1.136364e-02 
 1.180280e+00 -1.136364e-02 
 1.181280e+00 -1.136364e-02 
 1.182280e+00 -1.136364e-02 
 1.183280e+00 -1.136364e-02 
 1.184280e+00 -1.136364e-02 
 1.185280e+00 -1.136364e-02 
 1.186280e+00 -1.136364e-02 
 1.187280e+00 -1.136364e-02 
 1.188280e+00 -1.136364e-02 
 1.189280e+00 -1.136364e-02 
 1.190280e+00 -1.136364e-02 
 1.191280e+00 -1.136364e-02 
 1.192280e+00 -1.136364e-02 
 1.193280e+00 -1.136364e-02 
 1.194280e+00 -1.136364e-02 
 1.195280e+00 -1.136364e-02 
 1.196280e+00 -1.136364e-02 
 1.197280e+00 -1.136364e-02 
 1.198280e+00 -1.136364e-02 
 1.199280e+00 -1.136364e-02 
 1.200280e+00 -1.136364e-02 
 1.201280e+00 -1.136364e-02 
 1.202280e+00 -1.136364e-02 
 1.203280e+00 -1.136364e-02 
 1.204280e+00 -1.136364e-02 
 1.205280e+00 -1.136364e-02 
 1.206280e+00 -1.136364e-02 
 1.207280e+00 -1.136364e-02 
 1.208280e+00 -1.136364e-02 
 1.209280e+00 -1.136364e-02 
 1.210280e+00 -1.136364e-02 
 1.211280e+00 -1.136364e-02 
 1.212280e+00 -1.136364e-02 
 1.213280e+00 -1.136364e-02 
 1.214280e+00 -1.136364e-02 
 1.215280e+00 -1.136364e-02 
 1.216280e+00 -1.136364e-02 
 1.217280e+00 -1.136364e-02 
 1.218280e+00 -1.136364e-02 
 1.219280e+00 -1.136364e-02 
 1.220280e+00 -1.136364e-02 
 1.221280e+00 -1.136364e-02 
 1.222280e+00 -1.136364e-02 
 1.223280e+00 -1.136364e-02 
 1.224280e+00 -1.136364e-02 
 1.225280e+00 -1.136364e-02 
 1.226280e+00 -1.136364e-02 
 1.227280e+00 -1.136364e-02 
 1.228280e+00 -1.136364e-02 
 1.229280e+00 -1.136364e-02 
 1.230280e+00 -1.136364e-02 
 1.231280e+00 -1.136364e-02 
 1.232280e+00 -1.136364e-02 
 1.233280e+00 -1.136364e-02 
 1.234280e+00 -1.136364e-02 
 1.235280e+00 -1.136364e-02 
 1.236280e+00 -1.136364e-02 
 1.237280e+00 -1.136364e-02 
 1.238280e+00 -1.136364e-02 
 1.239280e+00 -1.136364e-02 
 1.240280e+00 -1.136364e-02 
 1.241280e+00 -1.136364e-02 
 1.242280e+00 -1.136364e-02 
 1.243280e+00 -1.136364e-02 
 1.244280e+00 -1.136364e-02 
 1.245280e+00 -1.136364e-02 
 1.246280e+00 -1.136364e-02 
 1.247280e+00 -1.136364e-02 
 1.248280e+00 -1.136364e-02 
 1.249280e+00 -1.136364e-02 
 1.250280e+00 -1.136364e-02 
 1.251280e+00 -1.136364e-02 
 1.252280e+00 -1.136364e-02 
 1.253280e+00 -1.136364e-02 
 1.254280e+00 -1.136364e-02 
 1.255280e+00 -1.136364e-02 
 1.256280e+00 -1.136364e-02 
 1.257280e+00 -1.136364e-02 
 1.258280e+00 -1.136364e-02 
 1.259280e+00 -1.136364e-02 
 1.260280e+00 -1.136364e-02 
 1.261280e+00 -1.136364e-02 
 1.262280e+00 -1.136364e-02 
 1.263280e+00 -1.136364e-02 
 1.264280e+00 -1.136364e-02 
 1.265280e+00 -1.136364e-02 
 1.266280e+00 -1.136364e-02 
 1.267280e+00 -1.136364e-02 
 1.268280e+00 -1.136364e-02 
 1.269280e+00 -1.136364e-02 
 1.270280e+00 -1.136364e-02 
 1.271280e+00 -1.136364e-02 
 1.272280e+00 -1.136364e-02 
 1.273280e+00 -1.136364e-02 
 1.274280e+00 -1.136364e-02 
 1.275280e+00 -1.136364e-02 
 1.276280e+00 -1.136364e-02 
 1.277280e+00 -1.136364e-02 
 1.278280e+00 -1.136364e-02 
 1.279280e+00 -1.136364e-02 
 1.280280e+00 -1.136364e-02 
 1.281280e+00 -1.136364e-02 
 1.282280e+00 -1.136364e-02 
 1.283280e+00 -1.136364e-02 
 1.284280e+00 -1.136364e-02 
 1.285280e+00 -1.136364e-02 
 1.286280e+00 -1.136364e-02 
 1.287280e+00 -1.136364e-02 
 1.288280e+00 -1.136364e-02 
 1.289280e+00 -1.136364e-02 
 1.290280e+00 -1.136364e-02 
 1.291280e+00 -1.136364e-02 
 1.292280e+00 -1.136364e-02 
 1.293280e+00 -1.136364e-02 
 1.294280e+00 -1.136364e-02 
 1.295280e+00 -1.136364e-02 
 1.296280e+00 -1.136364e-02 
 1.297280e+00 -1.136364e-02 
 1.298280e+00 -1.136364e-02 
 1.299280e+00 -1.136364e-02 
 1.300280e+00 -1.136364e-02 
 1.301280e+00 -1.136364e-02 
 1.302280e+00 -1.136364e-02 
 1.303280e+00 -1.136364e-02 
 1.304280e+00 -1.136364e-02 
 1.305280e+00 -1.136364e-02 
 1.306280e+00 -1.136364e-02 
 1.307280e+00 -1.136364e-02 
 1.308280e+00 -1.136364e-02 
 1.309280e+00 -1.136364e-02 
 1.310280e+00 -1.136364e-02 
 1.311280e+00 -1.136364e-02 
 1.312280e+00 -1.136364e-02 
 1.313280e+00 -1.136364e-02 
 1.314280e+00 -1.136364e-02 
 1.315280e+00 -1.136364e-02 
 1.316280e+00 -1.136364e-02 
 1.317280e+00 -1.136364e-02 
 1.318280e+00 -1.136364e-02 
 1.319280e+00 -1.136364e-02 
 1.320280e+00 -1.136364e-02 
 1.321280e+00 -1.136364e-02 
 1.322280e+00 -1.136364e-02 
 1.323280e+00 -1.136364e-02 
 1.324280e+00 -1.136364e-02 
 1.325280e+00 -1.136364e-02 
 1.326280e+00 -1.136364e-02 
 1.327280e+00 -1.136364e-02 
 1.328280e+00 -1.136364e-02 
 1.329280e+00 -1.136364e-02 
 1.330280e+00 -1.136364e-02 
 1.331280e+00 -1.136364e-02 
 1.332280e+00 -1.136364e-02 
 1.333280e+00 -1.136364e-02 
 1.334280e+00 -1.136364e-02 
 1.335280e+00 -1.136364e-02 
 1.336280e+00 -1.136364e-02 
 1.337280e+00 -1.136364e-02 
 1.338280e+00 -1.136364e-02 
 1.339280e+00 -1.136364e-02 
 1.340280e+00 -1.136364e-02 
 1.341280e+00 -1.136364e-02 
 1.342280e+00 -1.136364e-02 
 1.343280e+00 -1.136364e-02 
 1.344280e+00 -1.136364e-02 
 1.345280e+00 -1.136364e-02 
 1.346280e+00 -1.136364e-02 
 1.347280e+00 -1.136364e-02 
 1.348280e+00 -1.136364e-02 
 1.349280e+00 -1.136364e-02 
 1.350280e+00 -1.136364e-02 
 1.351280e+00 -1.136364e-02 
 1.352280e+00 -1.136364e-02 
 1.353280e+00 -1.136364e-02 
 1.354280e+00 -1.136364e-02 
 1.355280e+00 -1.136364e-02 
 1.356280e+00 -1.136364e-02 
 1.357280e+00 -1.136364e-02 
 1.358280e+00 -1.136364e-02 
 1.359280e+00 -1.136364e-02 
 1.360280e+00 -1.136364e-02 
 1.361280e+00 -1.136364e-02 
 1.362280e+00 -1.136364e-02 
 1.363280e+00 -1.136364e-02 
 1.364280e+00 -1.136364e-02 
 1.365280e+00 -1.136364e-02 
 1.366280e+00 -1.136364e-02 
 1.367280e+00 -1.136364e-02 
 1.368280e+00 -1.136364e-02 
 1.369280e+00 -1.136364e-02 
 1.370280e+00 -1.136364e-02 
 1.371280e+00 -1.136364e-02 
 1.372280e+00 -1.136364e-02 
 1.373280e+00 -1.136364e-02 
 1.374280e+00 -1.136364e-02 
 1.375280e+00 -1.136364e-02 
 1.376280e+00 -1.136364e-02 
 1.377280e+00 -1.136364e-02 
 1.378280e+00 -1.136364e-02 
 1.379280e+00 -1.136364e-02 
 1.380280e+00 -1.136364e-02 
 1.381280e+00 -1.136364e-02 
 1.382280e+00 -1.136364e-02 
 1.383280e+00 -1.136364e-02 
 1.384280e+00 -1.136364e-02 
 1.385280e+00 -1.136364e-02 
 1.386280e+00 -1.136364e-02 
 1.387280e+00 -1.136364e-02 
 1.388280e+00 -1.136364e-02 
 1.389280e+00 -1.136364e-02 
 1.390280e+00 -1.136364e-02 
 1.391280e+00 -1.136364e-02 
 1.392280e+00 -1.136364e-02 
 1.393280e+00 -1.136364e-02 
 1.394280e+00 -1.136364e-02 
 1.395280e+00 -1.136364e-02 
 1.396280e+00 -1.136364e-02 
 1.397280e+00 -1.136364e-02 
 1.398280e+00 -1.136364e-02 
 1.399280e+00 -1.136364e-02 
 1.400280e+00 -1.136364e-02 
 1.401280e+00 -1.136364e-02 
 1.402280e+00 -1.136364e-02 
 1.403280e+00 -1.136364e-02 
 1.404280e+00 -1.136364e-02 
 1.405280e+00 -1.136364e-02 
 1.406280e+00 -1.136364e-02 
 1.407280e+00 -1.136364e-02 
 1.408280e+00 -1.136364e-02 
 1.409280e+00 -1.136364e-02 
 1.410280e+00 -1.136364e-02 
 1.411280e+00 -1.136364e-02 
 1.412280e+00 -1.136364e-02 
 1.413280e+00 -1.136364e-02 
 1.414280e+00 -1.136364e-02 
 1.415280e+00 -1.136364e-02 
 1.416280e+00 -1.136364e-02 
 1.417280e+00 -1.136364e-02 
 1.418280e+00 -1.136364e-02 
 1.419280e+00 -1.136364e-02 
 1.420280e+00 -1.136364e-02 
 1.421280e+00 -1.136364e-02 
 1.422280e+00 -1.136364e-02 
 1.423280e+00 -1.136364e-02 
 1.424280e+00 -1.136364e-02 
 1.425280e+00 -1.136364e-02 
 1.426280e+00 -1.136364e-02 
 1.427280e+00 -1.136364e-02 
 1.428280e+00 -1.136364e-02 
 1.429280e+00 -1.136364e-02 
 1.430280e+00 -1.136364e-02 
 1.431280e+00 -1.136364e-02 
 1.432280e+00 -1.136364e-02 
 1.433280e+00 -1.136364e-02 
 1.434280e+00 -1.136364e-02 
 1.435280e+00 -1.136364e-02 
 1.436280e+00 -1.136364e-02 
 1.437280e+00 -1.136364e-02 
 1.438280e+00 -1.136364e-02 
 1.439280e+00 -1.136364e-02 
 1.440280e+00 -1.136364e-02 
 1.441280e+00 -1.136364e-02 
 1.442280e+00 -1.136364e-02 
 1.443280e+00 -1.136364e-02 
 1.444280e+00 -1.136364e-02 
 1.445280e+00 -1.136364e-02 
 1.446280e+00 -1.136364e-02 
 1.447280e+00 -1.136364e-02 
 1.448280e+00 -1.136364e-02 
 1.449280e+00 -1.136364e-02 
 1.450280e+00 -1.136364e-02 
 1.451280e+00 -1.136364e-02 
 1.452280e+00 -1.136364e-02 
 1.453280e+00 -1.136364e-02 
 1.454280e+00 -1.136364e-02 
 1.455280e+00 -1.136364e-02 
 1.456280e+00 -1.136364e-02 
 1.457280e+00 -1.136364e-02 
 1.458280e+00 -1.136364e-02 
 1.459280e+00 -1.136364e-02 
 1.460280e+00 -1.136364e-02 
 1.461280e+00 -1.136364e-02 
 1.462280e+00 -1.136364e-02 
 1.463280e+00 -1.136364e-02 
 1.464280e+00 -1.136364e-02 
 1.465280e+00 -1.136364e-02 
 1.466280e+00 -1.136364e-02 
 1.467280e+00 -1.136364e-02 
 1.468280e+00 -1.136364e-02 
 1.469280e+00 -1.136364e-02 
 1.470280e+00 -1.136364e-02 
 1.471280e+00 -1.136364e-02 
 1.472280e+00 -1.136364e-02 
 1.473280e+00 -1.136364e-02 
 1.474280e+00 -1.136364e-02 
 1.475280e+00 -1.136364e-02 
 1.476280e+00 -1.136364e-02 
 1.477280e+00 -1.136364e-02 
 1.478280e+00 -1.136364e-02 
 1.479280e+00 -1.136364e-02 
 1.480280e+00 -1.136364e-02 
 1.481280e+00 -1.136364e-02 
 1.482280e+00 -1.136364e-02 
 1.483280e+00 -1.136364e-02 
 1.484280e+00 -1.136364e-02 
 1.485280e+00 -1.136364e-02 
 1.486280e+00 -1.136364e-02 
 1.487280e+00 -1.136364e-02 
 1.488280e+00 -1.136364e-02 
 1.489280e+00 -1.136364e-02 
 1.490280e+00 -1.136364e-02 
 1.491280e+00 -1.136364e-02 
 1.492280e+00 -1.136364e-02 
 1.493280e+00 -1.136364e-02 
 1.494280e+00 -1.136364e-02 
 1.495280e+00 -1.136364e-02 
 1.496280e+00 -1.136364e-02 
 1.497280e+00 -1.136364e-02 
 1.498280e+00 -1.136364e-02 
 1.499280e+00 -1.136364e-02 
 1.500280e+00 -1.136364e-02 
 1.501280e+00 -1.136364e-02 
 1.502280e+00 -1.136364e-02 
 1.503280e+00 -1.136364e-02 
 1.504280e+00 -1.136364e-02 
 1.505280e+00 -1.136364e-02 
 1.506280e+00 -1.136364e-02 
 1.507280e+00 -1.136364e-02 
 1.508280e+00 -1.136364e-02 
 1.509280e+00 -1.136364e-02 
 1.510280e+00 -1.136364e-02 
 1.511280e+00 -1.136364e-02 
 1.512280e+00 -1.136364e-02 
 1.513280e+00 -1.136364e-02 
 1.514280e+00 -1.136364e-02 
 1.515280e+00 -1.136364e-02 
 1.516280e+00 -1.136364e-02 
 1.517280e+00 -1.136364e-02 
 1.518280e+00 -1.136364e-02 
 1.519280e+00 -1.136364e-02 
 1.520280e+00 -1.136364e-02 
 1.521280e+00 -1.136364e-02 
 1.522280e+00 -1.136364e-02 
 1.523280e+00 -1.136364e-02 
 1.524280e+00 -1.136364e-02 
 1.525280e+00 -1.136364e-02 
 1.526280e+00 -1.136364e-02 
 1.527280e+00 -1.136364e-02 
 1.528280e+00 -1.136364e-02 
 1.529280e+00 -1.136364e-02 
 1.530280e+00 -1.136364e-02 
 1.531280e+00 -1.136364e-02 
 1.532280e+00 -1.136364e-02 
 1.533280e+00 -1.136364e-02 
 1.534280e+00 -1.136364e-02 
 1.535280e+00 -1.136364e-02 
 1.536280e+00 -1.136364e-02 
 1.537280e+00 -1.136364e-02 
 1.538280e+00 -1.136364e-02 
 1.539280e+00 -1.136364e-02 
 1.540280e+00 -1.136364e-02 
 1.541280e+00 -1.136364e-02 
 1.542280e+00 -1.136364e-02 
 1.543280e+00 -1.136364e-02 
 1.544280e+00 -1.136364e-02 
 1.545280e+00 -1.136364e-02 
 1.546280e+00 -1.136364e-02 
 1.547280e+00 -1.136364e-02 
 1.548280e+00 -1.136364e-02 
 1.549280e+00 -1.136364e-02 
 1.550280e+00 -1.136364e-02 
 1.551280e+00 -1.136364e-02 
 1.552280e+00 -1.136364e-02 
 1.553280e+00 -1.136364e-02 
 1.554280e+00 -1.136364e-02 
 1.555280e+00 -1.136364e-02 
 1.556280e+00 -1.136364e-02 
 1.557280e+00 -1.136364e-02 
 1.558280e+00 -1.136364e-02 
 1.559280e+00 -1.136364e-02 
 1.560280e+00 -1.136364e-02 
 1.561280e+00 -1.136364e-02 
 1.562280e+00 -1.136364e-02 
 1.563280e+00 -1.136364e-02 
 1.564280e+00 -1.136364e-02 
 1.565280e+00 -1.136364e-02 
 1.566280e+00 -1.136364e-02 
 1.567280e+00 -1.136364e-02 
 1.568280e+00 -1.136364e-02 
 1.569280e+00 -1.136364e-02 
 1.570280e+00 -1.136364e-02 
 1.571280e+00 -1.136364e-02 
 1.572280e+00 -1.136364e-02 
 1.573280e+00 -1.136364e-02 
 1.574280e+00 -1.136364e-02 
 1.575280e+00 -1.136364e-02 
 1.576280e+00 -1.136364e-02 
 1.577280e+00 -1.136364e-02 
 1.578280e+00 -1.136364e-02 
 1.579280e+00 -1.136364e-02 
 1.580280e+00 -1.136364e-02 
 1.581280e+00 -1.136364e-02 
 1.582280e+00 -1.136364e-02 
 1.583280e+00 -1.136364e-02 
 1.584280e+00 -1.136364e-02 
 1.585280e+00 -1.136364e-02 
 1.586280e+00 -1.136364e-02 
 1.587280e+00 -1.136364e-02 
 1.588280e+00 -1.136364e-02 
 1.589280e+00 -1.136364e-02 
 1.590280e+00 -1.136364e-02 
 1.591280e+00 -1.136364e-02 
 1.592280e+00 -1.136364e-02 
 1.593280e+00 -1.136364e-02 
 1.594280e+00 -1.136364e-02 
 1.595280e+00 -1.136364e-02 
 1.596280e+00 -1.136364e-02 
 1.597280e+00 -1.136364e-02 
 1.598280e+00 -1.136364e-02 
 1.599280e+00 -1.136364e-02 
 1.600280e+00 -1.136364e-02 
 1.601280e+00 -1.136364e-02 
 1.602280e+00 -1.136364e-02 
 1.603280e+00 -1.136364e-02 
 1.604280e+00 -1.136364e-02 
 1.605280e+00 -1.136364e-02 
 1.606280e+00 -1.136364e-02 
 1.607280e+00 -1.136364e-02 
 1.608280e+00 -1.136364e-02 
 1.609280e+00 -1.136364e-02 
 1.610280e+00 -1.136364e-02 
 1.611280e+00 -1.136364e-02 
 1.612280e+00 -1.136364e-02 
 1.613280e+00 -1.136364e-02 
 1.614280e+00 -1.136364e-02 
 1.615280e+00 -1.136364e-02 
 1.616280e+00 -1.136364e-02 
 1.617280e+00 -1.136364e-02 
 1.618280e+00 -1.136364e-02 
 1.619280e+00 -1.136364e-02 
 1.620280e+00 -1.136364e-02 
 1.621280e+00 -1.136364e-02 
 1.622280e+00 -1.136364e-02 
 1.623280e+00 -1.136364e-02 
 1.624280e+00 -1.136364e-02 
 1.625280e+00 -1.136364e-02 
 1.626280e+00 -1.136364e-02 
 1.627280e+00 -1.136364e-02 
 1.628280e+00 -1.136364e-02 
 1.629280e+00 -1.136364e-02 
 1.630280e+00 -1.136364e-02 
 1.631280e+00 -1.136364e-02 
 1.632280e+00 -1.136364e-02 
 1.633280e+00 -1.136364e-02 
 1.634280e+00 -1.136364e-02 
 1.635280e+00 -1.136364e-02 
 1.636280e+00 -1.136364e-02 
 1.637280e+00 -1.136364e-02 
 1.638280e+00 -1.136364e-02 
 1.639280e+00 -1.136364e-02 
 1.640280e+00 -1.136364e-02 
 1.641280e+00 -1.136364e-02 
 1.642280e+00 -1.136364e-02 
 1.643280e+00 -1.136364e-02 
 1.644280e+00 -1.136364e-02 
 1.645280e+00 -1.136364e-02 
 1.646280e+00 -1.136364e-02 
 1.647280e+00 -1.136364e-02 
 1.648280e+00 -1.136364e-02 
 1.649280e+00 -1.136364e-02 
 1.650280e+00 -1.136364e-02 
 1.651280e+00 -1.136364e-02 
 1.652280e+00 -1.136364e-02 
 1.653280e+00 -1.136364e-02 
 1.654280e+00 -1.136364e-02 
 1.655280e+00 -1.136364e-02 
 1.656280e+00 -1.136364e-02 
 1.657280e+00 -1.136364e-02 
 1.658280e+00 -1.136364e-02 
 1.659280e+00 -1.136364e-02 
 1.660280e+00 -1.136364e-02 
 1.661280e+00 -1.136364e-02 
 1.662280e+00 -1.136364e-02 
 1.663280e+00 -1.136364e-02 
 1.664280e+00 -1.136364e-02 
 1.665280e+00 -1.136364e-02 
 1.666280e+00 -1.136364e-02 
 1.667280e+00 -1.136364e-02 
 1.668280e+00 -1.136364e-02 
 1.669280e+00 -1.136364e-02 
 1.670280e+00 -1.136364e-02 
 1.671280e+00 -1.136364e-02 
 1.672280e+00 -1.136364e-02 
 1.673280e+00 -1.136364e-02 
 1.674280e+00 -1.136364e-02 
 1.675280e+00 -1.136364e-02 
 1.676280e+00 -1.136364e-02 
 1.677280e+00 -1.136364e-02 
 1.678280e+00 -1.136364e-02 
 1.679280e+00 -1.136364e-02 
 1.680280e+00 -1.136364e-02 
 1.681280e+00 -1.136364e-02 
 1.682280e+00 -1.136364e-02 
 1.683280e+00 -1.136364e-02 
 1.684280e+00 -1.136364e-02 
 1.685280e+00 -1.136364e-02 
 1.686280e+00 -1.136364e-02 
 1.687280e+00 -1.136364e-02 
 1.688280e+00 -1.136364e-02 
 1.689280e+00 -1.136364e-02 
 1.690280e+00 -1.136364e-02 
 1.691280e+00 -1.136364e-02 
 1.692280e+00 -1.136364e-02 
 1.693280e+00 -1.136364e-02 
 1.694280e+00 -1.136364e-02 
 1.695280e+00 -1.136364e-02 
 1.696280e+00 -1.136364e-02 
 1.697280e+00 -1.136364e-02 
 1.698280e+00 -1.136364e-02 
 1.699280e+00 -1.136364e-02 
 1.700280e+00 -1.136364e-02 
 1.701280e+00 -1.136364e-02 
 1.702280e+00 -1.136364e-02 
 1.703280e+00 -1.136364e-02 
 1.704280e+00 -1.136364e-02 
 1.705280e+00 -1.136364e-02 
 1.706280e+00 -1.136364e-02 
 1.707280e+00 -1.136364e-02 
 1.708280e+00 -1.136364e-02 
 1.709280e+00 -1.136364e-02 
 1.710280e+00 -1.136364e-02 
 1.711280e+00 -1.136364e-02 
 1.712280e+00 -1.136364e-02 
 1.713280e+00 -1.136364e-02 
 1.714280e+00 -1.136364e-02 
 1.715280e+00 -1.136364e-02 
 1.716280e+00 -1.136364e-02 
 1.717280e+00 -1.136364e-02 
 1.718280e+00 -1.136364e-02 
 1.719280e+00 -1.136364e-02 
 1.720280e+00 -1.136364e-02 
 1.721280e+00 -1.136364e-02 
 1.722280e+00 -1.136364e-02 
 1.723280e+00 -1.136364e-02 
 1.724280e+00 -1.136364e-02 
 1.725280e+00 -1.136364e-02 
 1.726280e+00 -1.136364e-02 
 1.727280e+00 -1.136364e-02 
 1.728280e+00 -1.136364e-02 
 1.729280e+00 -1.136364e-02 
 1.730280e+00 -1.136364e-02 
 1.731280e+00 -1.136364e-02 
 1.732280e+00 -1.136364e-02 
 1.733280e+00 -1.136364e-02 
 1.734280e+00 -1.136364e-02 
 1.735280e+00 -1.136364e-02 
 1.736280e+00 -1.136364e-02 
 1.737280e+00 -1.136364e-02 
 1.738280e+00 -1.136364e-02 
 1.739280e+00 -1.136364e-02 
 1.740280e+00 -1.136364e-02 
 1.741280e+00 -1.136364e-02 
 1.742280e+00 -1.136364e-02 
 1.743280e+00 -1.136364e-02 
 1.744280e+00 -1.136364e-02 
 1.745280e+00 -1.136364e-02 
 1.746280e+00 -1.136364e-02 
 1.747280e+00 -1.136364e-02 
 1.748280e+00 -1.136364e-02 
 1.749280e+00 -1.136364e-02 
 1.750280e+00 -1.136364e-02 
 1.751280e+00 -1.136364e-02 
 1.752280e+00 -1.136364e-02 
 1.753280e+00 -1.136364e-02 
 1.754280e+00 -1.136364e-02 
 1.755280e+00 -1.136364e-02 
 1.756280e+00 -1.136364e-02 
 1.757280e+00 -1.136364e-02 
 1.758280e+00 -1.136364e-02 
 1.759280e+00 -1.136364e-02 
 1.760280e+00 -1.136364e-02 
 1.761280e+00 -1.136364e-02 
 1.762280e+00 -1.136364e-02 
 1.763280e+00 -1.136364e-02 
 1.764280e+00 -1.136364e-02 
 1.765280e+00 -1.136364e-02 
 1.766280e+00 -1.136364e-02 
 1.767280e+00 -1.136364e-02 
 1.768280e+00 -1.136364e-02 
 1.769280e+00 -1.136364e-02 
 1.770280e+00 -1.136364e-02 
 1.771280e+00 -1.136364e-02 
 1.772280e+00 -1.136364e-02 
 1.773280e+00 -1.136364e-02 
 1.774280e+00 -1.136364e-02 
 1.775280e+00 -1.136364e-02 
 1.776280e+00 -1.136364e-02 
 1.777280e+00 -1.136364e-02 
 1.778280e+00 -1.136364e-02 
 1.779280e+00 -1.136364e-02 
 1.780280e+00 -1.136364e-02 
 1.781280e+00 -1.136364e-02 
 1.782280e+00 -1.136364e-02 
 1.783280e+00 -1.136364e-02 
 1.784280e+00 -1.136364e-02 
 1.785280e+00 -1.136364e-02 
 1.786280e+00 -1.136364e-02 
 1.787280e+00 -1.136364e-02 
 1.788280e+00 -1.136364e-02 
 1.789280e+00 -1.136364e-02 
 1.790280e+00 -1.136364e-02 
 1.791280e+00 -1.136364e-02 
 1.792280e+00 -1.136364e-02 
 1.793280e+00 -1.136364e-02 
 1.794280e+00 -1.136364e-02 
 1.795280e+00 -1.136364e-02 
 1.796280e+00 -1.136364e-02 
 1.797280e+00 -1.136364e-02 
 1.798280e+00 -1.136364e-02 
 1.799280e+00 -1.136364e-02 
 1.800280e+00 -1.136364e-02 
 1.801280e+00 -1.136364e-02 
 1.802280e+00 -1.136364e-02 
 1.803280e+00 -1.136364e-02 
 1.804280e+00 -1.136364e-02 
 1.805280e+00 -1.136364e-02 
 1.806280e+00 -1.136364e-02 
 1.807280e+00 -1.136364e-02 
 1.808280e+00 -1.136364e-02 
 1.809280e+00 -1.136364e-02 
 1.810280e+00 -1.136364e-02 
 1.811280e+00 -1.136364e-02 
 1.812280e+00 -1.136364e-02 
 1.813280e+00 -1.136364e-02 
 1.814280e+00 -1.136364e-02 
 1.815280e+00 -1.136364e-02 
 1.816280e+00 -1.136364e-02 
 1.817280e+00 -1.136364e-02 
 1.818280e+00 -1.136364e-02 
 1.819280e+00 -1.136364e-02 
 1.820280e+00 -1.136364e-02 
 1.821280e+00 -1.136364e-02 
 1.822280e+00 -1.136364e-02 
 1.823280e+00 -1.136364e-02 
 1.824280e+00 -1.136364e-02 
 1.825280e+00 -1.136364e-02 
 1.826280e+00 -1.136364e-02 
 1.827280e+00 -1.136364e-02 
 1.828280e+00 -1.136364e-02 
 1.829280e+00 -1.136364e-02 
 1.830280e+00 -1.136364e-02 
 1.831280e+00 -1.136364e-02 
 1.832280e+00 -1.136364e-02 
 1.833280e+00 -1.136364e-02 
 1.834280e+00 -1.136364e-02 
 1.835280e+00 -1.136364e-02 
 1.836280e+00 -1.136364e-02 
 1.837280e+00 -1.136364e-02 
 1.838280e+00 -1.136364e-02 
 1.839280e+00 -1.136364e-02 
 1.840280e+00 -1.136364e-02 
 1.841280e+00 -1.136364e-02 
 1.842280e+00 -1.136364e-02 
 1.843280e+00 -1.136364e-02 
 1.844280e+00 -1.136364e-02 
 1.845280e+00 -1.136364e-02 
 1.846280e+00 -1.136364e-02 
 1.847280e+00 -1.136364e-02 
 1.848280e+00 -1.136364e-02 
 1.849280e+00 -1.136364e-02 
 1.850280e+00 -1.136364e-02 
 1.851280e+00 -1.136364e-02 
 1.852280e+00 -1.136364e-02 
 1.853280e+00 -1.136364e-02 
 1.854280e+00 -1.136364e-02 
 1.855280e+00 -1.136364e-02 
 1.856280e+00 -1.136364e-02 
 1.857280e+00 -1.136364e-02 
 1.858280e+00 -1.136364e-02 
 1.859280e+00 -1.136364e-02 
 1.860280e+00 -1.136364e-02 
 1.861280e+00 -1.136364e-02 
 1.862280e+00 -1.136364e-02 
 1.863280e+00 -1.136364e-02 
 1.864280e+00 -1.136364e-02 
 1.865280e+00 -1.136364e-02 
 1.866280e+00 -1.136364e-02 
 1.867280e+00 -1.136364e-02 
 1.868280e+00 -1.136364e-02 
 1.869280e+00 -1.136364e-02 
 1.870280e+00 -1.136364e-02 
 1.871280e+00 -1.136364e-02 
 1.872280e+00 -1.136364e-02 
 1.873280e+00 -1.136364e-02 
 1.874280e+00 -1.136364e-02 
 1.875280e+00 -1.136364e-02 
 1.876280e+00 -1.136364e-02 
 1.877280e+00 -1.136364e-02 
 1.878280e+00 -1.136364e-02 
 1.879280e+00 -1.136364e-02 
 1.880280e+00 -1.136364e-02 
 1.881280e+00 -1.136364e-02 
 1.882280e+00 -1.136364e-02 
 1.883280e+00 -1.136364e-02 
 1.884280e+00 -1.136364e-02 
 1.885280e+00 -1.136364e-02 
 1.886280e+00 -1.136364e-02 
 1.887280e+00 -1.136364e-02 
 1.888280e+00 -1.136364e-02 
 1.889280e+00 -1.136364e-02 
 1.890280e+00 -1.136364e-02 
 1.891280e+00 -1.136364e-02 
 1.892280e+00 -1.136364e-02 
 1.893280e+00 -1.136364e-02 
 1.894280e+00 -1.136364e-02 
 1.895280e+00 -1.136364e-02 
 1.896280e+00 -1.136364e-02 
 1.897280e+00 -1.136364e-02 
 1.898280e+00 -1.136364e-02 
 1.899280e+00 -1.136364e-02 
 1.900280e+00 -1.136364e-02 
 1.901280e+00 -1.136364e-02 
 1.902280e+00 -1.136364e-02 
 1.903280e+00 -1.136364e-02 
 1.904280e+00 -1.136364e-02 
 1.905280e+00 -1.136364e-02 
 1.906280e+00 -1.136364e-02 
 1.907280e+00 -1.136364e-02 
 1.908280e+00 -1.136364e-02 
 1.909280e+00 -1.136364e-02 
 1.910280e+00 -1.136364e-02 
 1.911280e+00 -1.136364e-02 
 1.912280e+00 -1.136364e-02 
 1.913280e+00 -1.136364e-02 
 1.914280e+00 -1.136364e-02 
 1.915280e+00 -1.136364e-02 
 1.916280e+00 -1.136364e-02 
 1.917280e+00 -1.136364e-02 
 1.918280e+00 -1.136364e-02 
 1.919280e+00 -1.136364e-02 
 1.920280e+00 -1.136364e-02 
 1.921280e+00 -1.136364e-02 
 1.922280e+00 -1.136364e-02 
 1.923280e+00 -1.136364e-02 
 1.924280e+00 -1.136364e-02 
 1.925280e+00 -1.136364e-02 
 1.926280e+00 -1.136364e-02 
 1.927280e+00 -1.136364e-02 
 1.928280e+00 -1.136364e-02 
 1.929280e+00 -1.136364e-02 
 1.930280e+00 -1.136364e-02 
 1.931280e+00 -1.136364e-02 
 1.932280e+00 -1.136364e-02 
 1.933280e+00 -1.136364e-02 
 1.934280e+00 -1.136364e-02 
 1.935280e+00 -1.136364e-02 
 1.936280e+00 -1.136364e-02 
 1.937280e+00 -1.136364e-02 
 1.938280e+00 -1.136364e-02 
 1.939280e+00 -1.136364e-02 
 1.940280e+00 -1.136364e-02 
 1.941280e+00 -1.136364e-02 
 1.942280e+00 -1.136364e-02 
 1.943280e+00 -1.136364e-02 
 1.944280e+00 -1.136364e-02 
 1.945280e+00 -1.136364e-02 
 1.946280e+00 -1.136364e-02 
 1.947280e+00 -1.136364e-02 
 1.948280e+00 -1.136364e-02 
 1.949280e+00 -1.136364e-02 
 1.950280e+00 -1.136364e-02 
 1.951280e+00 -1.136364e-02 
 1.952280e+00 -1.136364e-02 
 1.953280e+00 -1.136364e-02 
 1.954280e+00 -1.136364e-02 
 1.955280e+00 -1.136364e-02 
 1.956280e+00 -1.136364e-02 
 1.957280e+00 -1.136364e-02 
 1.958280e+00 -1.136364e-02 
 1.959280e+00 -1.136364e-02 
 1.960280e+00 -1.136364e-02 
 1.961280e+00 -1.136364e-02 
 1.962280e+00 -1.136364e-02 
 1.963280e+00 -1.136364e-02 
 1.964280e+00 -1.136364e-02 
 1.965280e+00 -1.136364e-02 
 1.966280e+00 -1.136364e-02 
 1.967280e+00 -1.136364e-02 
 1.968280e+00 -1.136364e-02 
 1.969280e+00 -1.136364e-02 
 1.970280e+00 -1.136364e-02 
 1.971280e+00 -1.136364e-02 
 1.972280e+00 -1.136364e-02 
 1.973280e+00 -1.136364e-02 
 1.974280e+00 -1.136364e-02 
 1.975280e+00 -1.136364e-02 
 1.976280e+00 -1.136364e-02 
 1.977280e+00 -1.136364e-02 
 1.978280e+00 -1.136364e-02 
 1.979280e+00 -1.136364e-02 
 1.980280e+00 -1.136364e-02 
 1.981280e+00 -1.136364e-02 
 1.982280e+00 -1.136364e-02 
 1.983280e+00 -1.136364e-02 
 1.984280e+00 -1.136364e-02 
 1.985280e+00 -1.136364e-02 
 1.986280e+00 -1.136364e-02 
 1.987280e+00 -1.136364e-02 
 1.988280e+00 -1.136364e-02 
 1.989280e+00 -1.136364e-02 
 1.990280e+00 -1.136364e-02 
 1.991280e+00 -1.136364e-02 
 1.992280e+00 -1.136364e-02 
 1.993280e+00 -1.136364e-02 
 1.994280e+00 -1.136364e-02 
 1.995280e+00 -1.136364e-02 
 1.996280e+00 -1.136364e-02 
 1.997280e+00 -1.136364e-02 
 1.998280e+00 -1.136364e-02 
 1.999280e+00 -1.136364e-02 
 2.000280e+00 -1.136364e-02 
 2.001280e+00 -1.136364e-02 
 2.002280e+00 -1.136364e-02 
 2.003280e+00 -1.136364e-02 
 2.004280e+00 -1.136364e-02 
 2.005280e+00 -1.136364e-02 
 2.006280e+00 -1.136364e-02 
 2.007280e+00 -1.136364e-02 
 2.008280e+00 -1.136364e-02 
 2.009280e+00 -1.136364e-02 
 2.010280e+00 -1.136364e-02 
 2.011280e+00 -1.136364e-02 
 2.012280e+00 -1.136364e-02 
 2.013280e+00 -1.136364e-02 
 2.014280e+00 -1.136364e-02 
 2.015280e+00 -1.136364e-02 
 2.016280e+00 -1.136364e-02 
 2.017280e+00 -1.136364e-02 
 2.018280e+00 -1.136364e-02 
 2.019280e+00 -1.136364e-02 
 2.020280e+00 -1.136364e-02 
 2.021280e+00 -1.136364e-02 
 2.022280e+00 -1.136364e-02 
 2.023280e+00 -1.136364e-02 
 2.024280e+00 -1.136364e-02 
 2.025280e+00 -1.136364e-02 
 2.026280e+00 -1.136364e-02 
 2.027280e+00 -1.136364e-02 
 2.028280e+00 -1.136364e-02 
 2.029280e+00 -1.136364e-02 
 2.030280e+00 -1.136364e-02 
 2.031280e+00 -1.136364e-02 
 2.032280e+00 -1.136364e-02 
 2.033280e+00 -1.136364e-02 
 2.034280e+00 -1.136364e-02 
 2.035280e+00 -1.136364e-02 
 2.036280e+00 -1.136364e-02 
 2.037280e+00 -1.136364e-02 
 2.038280e+00 -1.136364e-02 
 2.039280e+00 -1.136364e-02 
 2.040280e+00 -1.136364e-02 
 2.041280e+00 -1.136364e-02 
 2.042280e+00 -1.136364e-02 
 2.043280e+00 -1.136364e-02 
 2.044280e+00 -1.136364e-02 
 2.045280e+00 -1.136364e-02 
 2.046280e+00 -1.136364e-02 
 2.047280e+00 -1.136364e-02 
 2.048280e+00 -1.136364e-02 
 2.049280e+00 -1.136364e-02 
 2.050280e+00 -1.136364e-02 
 2.051280e+00 -1.136364e-02 
 2.052280e+00 -1.136364e-02 
 2.053280e+00 -1.136364e-02 
 2.054280e+00 -1.136364e-02 
 2.055280e+00 -1.136364e-02 
 2.056280e+00 -1.136364e-02 
 2.057280e+00 -1.136364e-02 
 2.058280e+00 -1.136364e-02 
 2.059280e+00 -1.136364e-02 
 2.060280e+00 -1.136364e-02 
 2.061280e+00 -1.136364e-02 
 2.062280e+00 -1.136364e-02 
 2.063280e+00 -1.136364e-02 
 2.064280e+00 -1.136364e-02 
 2.065280e+00 -1.136364e-02 
 2.066280e+00 -1.136364e-02 
 2.067280e+00 -1.136364e-02 
 2.068280e+00 -1.136364e-02 
 2.069280e+00 -1.136364e-02 
 2.070280e+00 -1.136364e-02 
 2.071280e+00 -1.136364e-02 
 2.072280e+00 -1.136364e-02 
 2.073280e+00 -1.136364e-02 
 2.074280e+00 -1.136364e-02 
 2.075280e+00 -1.136364e-02 
 2.076280e+00 -1.136364e-02 
 2.077280e+00 -1.136364e-02 
 2.078280e+00 -1.136364e-02 
 2.079280e+00 -1.136364e-02 
 2.080280e+00 -1.136364e-02 
 2.081280e+00 -1.136364e-02 
 2.082280e+00 -1.136364e-02 
 2.083280e+00 -1.136364e-02 
 2.084280e+00 -1.136364e-02 
 2.085280e+00 -1.136364e-02 
 2.086280e+00 -1.136364e-02 
 2.087280e+00 -1.136364e-02 
 2.088280e+00 -1.136364e-02 
 2.089280e+00 -1.136364e-02 
 2.090280e+00 -1.136364e-02 
 2.091280e+00 -1.136364e-02 
 2.092280e+00 -1.136364e-02 
 2.093280e+00 -1.136364e-02 
 2.094280e+00 -1.136364e-02 
 2.095280e+00 -1.136364e-02 
 2.096280e+00 -1.136364e-02 
 2.097280e+00 -1.136364e-02 
 2.098280e+00 -1.136364e-02 
 2.099280e+00 -1.136364e-02 
 2.100280e+00 -1.136364e-02 
 2.101280e+00 -1.136364e-02 
 2.102280e+00 -1.136364e-02 
 2.103280e+00 -1.136364e-02 
 2.104280e+00 -1.136364e-02 
 2.105280e+00 -1.136364e-02 
 2.106280e+00 -1.136364e-02 
 2.107280e+00 -1.136364e-02 
 2.108280e+00 -1.136364e-02 
 2.109280e+00 -1.136364e-02 
 2.110280e+00 -1.136364e-02 
 2.111280e+00 -1.136364e-02 
 2.112280e+00 -1.136364e-02 
 2.113280e+00 -1.136364e-02 
 2.114280e+00 -1.136364e-02 
 2.115280e+00 -1.136364e-02 
 2.116280e+00 -1.136364e-02 
 2.117280e+00 -1.136364e-02 
 2.118280e+00 -1.136364e-02 
 2.119280e+00 -1.136364e-02 
 2.120280e+00 -1.136364e-02 
 2.121280e+00 -1.136364e-02 
 2.122280e+00 -1.136364e-02 
 2.123280e+00 -1.136364e-02 
 2.124280e+00 -1.136364e-02 
 2.125280e+00 -1.136364e-02 
 2.126280e+00 -1.136364e-02 
 2.127280e+00 -1.136364e-02 
 2.128280e+00 -1.136364e-02 
 2.129280e+00 -1.136364e-02 
 2.130280e+00 -1.136364e-02 
 2.131280e+00 -1.136364e-02 
 2.132280e+00 -1.136364e-02 
 2.133280e+00 -1.136364e-02 
 2.134280e+00 -1.136364e-02 
 2.135280e+00 -1.136364e-02 
 2.136280e+00 -1.136364e-02 
 2.137280e+00 -1.136364e-02 
 2.138280e+00 -1.136364e-02 
 2.139280e+00 -1.136364e-02 
 2.140280e+00 -1.136364e-02 
 2.141280e+00 -1.136364e-02 
 2.142280e+00 -1.136364e-02 
 2.143280e+00 -1.136364e-02 
 2.144280e+00 -1.136364e-02 
 2.145280e+00 -1.136364e-02 
 2.146280e+00 -1.136364e-02 
 2.147280e+00 -1.136364e-02 
 2.148280e+00 -1.136364e-02 
 2.149280e+00 -1.136364e-02 
 2.150280e+00 -1.136364e-02 
 2.151280e+00 -1.136364e-02 
 2.152280e+00 -1.136364e-02 
 2.153280e+00 -1.136364e-02 
 2.154280e+00 -1.136364e-02 
 2.155280e+00 -1.136364e-02 
 2.156280e+00 -1.136364e-02 
 2.157280e+00 -1.136364e-02 
 2.158280e+00 -1.136364e-02 
 2.159280e+00 -1.136364e-02 
 2.160280e+00 -1.136364e-02 
 2.161280e+00 -1.136364e-02 
 2.162280e+00 -1.136364e-02 
 2.163280e+00 -1.136364e-02 
 2.164280e+00 -1.136364e-02 
 2.165280e+00 -1.136364e-02 
 2.166280e+00 -1.136364e-02 
 2.167280e+00 -1.136364e-02 
 2.168280e+00 -1.136364e-02 
 2.169280e+00 -1.136364e-02 
 2.170280e+00 -1.136364e-02 
 2.171280e+00 -1.136364e-02 
 2.172280e+00 -1.136364e-02 
 2.173280e+00 -1.136364e-02 
 2.174280e+00 -1.136364e-02 
 2.175280e+00 -1.136364e-02 
 2.176280e+00 -1.136364e-02 
 2.177280e+00 -1.136364e-02 
 2.178280e+00 -1.136364e-02 
 2.179280e+00 -1.136364e-02 
 2.180280e+00 -1.136364e-02 
 2.181280e+00 -1.136364e-02 
 2.182280e+00 -1.136364e-02 
 2.183280e+00 -1.136364e-02 
 2.184280e+00 -1.136364e-02 
 2.185280e+00 -1.136364e-02 
 2.186280e+00 -1.136364e-02 
 2.187280e+00 -1.136364e-02 
 2.188280e+00 -1.136364e-02 
 2.189280e+00 -1.136364e-02 
 2.190280e+00 -1.136364e-02 
 2.191280e+00 -1.136364e-02 
 2.192280e+00 -1.136364e-02 
 2.193280e+00 -1.136364e-02 
 2.194280e+00 -1.136364e-02 
 2.195280e+00 -1.136364e-02 
 2.196280e+00 -1.136364e-02 
 2.197280e+00 -1.136364e-02 
 2.198280e+00 -1.136364e-02 
 2.199280e+00 -1.136364e-02 
 2.200280e+00 -1.136364e-02 
 2.201280e+00 -1.136364e-02 
 2.202280e+00 -1.136364e-02 
 2.203280e+00 -1.136364e-02 
 2.204280e+00 -1.136364e-02 
 2.205280e+00 -1.136364e-02 
 2.206280e+00 -1.136364e-02 
 2.207280e+00 -1.136364e-02 
 2.208280e+00 -1.136364e-02 
 2.209280e+00 -1.136364e-02 
 2.210280e+00 -1.136364e-02 
 2.211280e+00 -1.136364e-02 
 2.212280e+00 -1.136364e-02 
 2.213280e+00 -1.136364e-02 
 2.214280e+00 -1.136364e-02 
 2.215280e+00 -1.136364e-02 
 2.216280e+00 -1.136364e-02 
 2.217280e+00 -1.136364e-02 
 2.218280e+00 -1.136364e-02 
 2.219280e+00 -1.136364e-02 
 2.220280e+00 -1.136364e-02 
 2.221280e+00 -1.136364e-02 
 2.222280e+00 -1.136364e-02 
 2.223280e+00 -1.136364e-02 
 2.224280e+00 -1.136364e-02 
 2.225280e+00 -1.136364e-02 
 2.226280e+00 -1.136364e-02 
 2.227280e+00 -1.136364e-02 
 2.228280e+00 -1.136364e-02 
 2.229280e+00 -1.136364e-02 
 2.230280e+00 -1.136364e-02 
 2.231280e+00 -1.136364e-02 
 2.232280e+00 -1.136364e-02 
 2.233280e+00 -1.136364e-02 
 2.234280e+00 -1.136364e-02 
 2.235280e+00 -1.136364e-02 
 2.236280e+00 -1.136364e-02 
 2.237280e+00 -1.136364e-02 
 2.238280e+00 -1.136364e-02 
 2.239280e+00 -1.136364e-02 
 2.240280e+00 -1.136364e-02 
 2.241280e+00 -1.136364e-02 
 2.242280e+00 -1.136364e-02 
 2.243280e+00 -1.136364e-02 
 2.244280e+00 -1.136364e-02 
 2.245280e+00 -1.136364e-02 
 2.246280e+00 -1.136364e-02 
 2.247280e+00 -1.136364e-02 
 2.248280e+00 -1.136364e-02 
 2.249280e+00 -1.136364e-02 
 2.250280e+00 -1.136364e-02 
 2.251280e+00 -1.136364e-02 
 2.252280e+00 -1.136364e-02 
 2.253280e+00 -1.136364e-02 
 2.254280e+00 -1.136364e-02 
 2.255280e+00 -1.136364e-02 
 2.256280e+00 -1.136364e-02 
 2.257280e+00 -1.136364e-02 
 2.258280e+00 -1.136364e-02 
 2.259280e+00 -1.136364e-02 
 2.260280e+00 -1.136364e-02 
 2.261280e+00 -1.136364e-02 
 2.262280e+00 -1.136364e-02 
 2.263280e+00 -1.136364e-02 
 2.264280e+00 -1.136364e-02 
 2.265280e+00 -1.136364e-02 
 2.266280e+00 -1.136364e-02 
 2.267280e+00 -1.136364e-02 
 2.268280e+00 -1.136364e-02 
 2.269280e+00 -1.136364e-02 
 2.270280e+00 -1.136364e-02 
 2.271280e+00 -1.136364e-02 
 2.272280e+00 -1.136364e-02 
 2.273280e+00 -1.136364e-02 
 2.274280e+00 -1.136364e-02 
 2.275280e+00 -1.136364e-02 
 2.276280e+00 -1.136364e-02 
 2.277280e+00 -1.136364e-02 
 2.278280e+00 -1.136364e-02 
 2.279280e+00 -1.136364e-02 
 2.280280e+00 -1.136364e-02 
 2.281280e+00 -1.136364e-02 
 2.282280e+00 -1.136364e-02 
 2.283280e+00 -1.136364e-02 
 2.284280e+00 -1.136364e-02 
 2.285280e+00 -1.136364e-02 
 2.286280e+00 -1.136364e-02 
 2.287280e+00 -1.136364e-02 
 2.288280e+00 -1.136364e-02 
 2.289280e+00 -1.136364e-02 
 2.290280e+00 -1.136364e-02 
 2.291280e+00 -1.136364e-02 
 2.292280e+00 -1.136364e-02 
 2.293280e+00 -1.136364e-02 
 2.294280e+00 -1.136364e-02 
 2.295280e+00 -1.136364e-02 
 2.296280e+00 -1.136364e-02 
 2.297280e+00 -1.136364e-02 
 2.298280e+00 -1.136364e-02 
 2.299280e+00 -1.136364e-02 
 2.300280e+00 -1.136364e-02 
 2.301280e+00 -1.136364e-02 
 2.302280e+00 -1.136364e-02 
 2.303280e+00 -1.136364e-02 
 2.304280e+00 -1.136364e-02 
 2.305280e+00 -1.136364e-02 
 2.306280e+00 -1.136364e-02 
 2.307280e+00 -1.136364e-02 
 2.308280e+00 -1.136364e-02 
 2.309280e+00 -1.136364e-02 
 2.310280e+00 -1.136364e-02 
 2.311280e+00 -1.136364e-02 
 2.312280e+00 -1.136364e-02 
 2.313280e+00 -1.136364e-02 
 2.314280e+00 -1.136364e-02 
 2.315280e+00 -1.136364e-02 
 2.316280e+00 -1.136364e-02 
 2.317280e+00 -1.136364e-02 
 2.318280e+00 -1.136364e-02 
 2.319280e+00 -1.136364e-02 
 2.320280e+00 -1.136364e-02 
 2.321280e+00 -1.136364e-02 
 2.322280e+00 -1.136364e-02 
 2.323280e+00 -1.136364e-02 
 2.324280e+00 -1.136364e-02 
 2.325280e+00 -1.136364e-02 
 2.326280e+00 -1.136364e-02 
 2.327280e+00 -1.136364e-02 
 2.328280e+00 -1.136364e-02 
 2.329280e+00 -1.136364e-02 
 2.330280e+00 -1.136364e-02 
 2.331280e+00 -1.136364e-02 
 2.332280e+00 -1.136364e-02 
 2.333280e+00 -1.136364e-02 
 2.334280e+00 -1.136364e-02 
 2.335280e+00 -1.136364e-02 
 2.336280e+00 -1.136364e-02 
 2.337280e+00 -1.136364e-02 
 2.338280e+00 -1.136364e-02 
 2.339280e+00 -1.136364e-02 
 2.340280e+00 -1.136364e-02 
 2.341280e+00 -1.136364e-02 
 2.342280e+00 -1.136364e-02 
 2.343280e+00 -1.136364e-02 
 2.344280e+00 -1.136364e-02 
 2.345280e+00 -1.136364e-02 
 2.346280e+00 -1.136364e-02 
 2.347280e+00 -1.136364e-02 
 2.348280e+00 -1.136364e-02 
 2.349280e+00 -1.136364e-02 
 2.350280e+00 -1.136364e-02 
 2.351280e+00 -1.136364e-02 
 2.352280e+00 -1.136364e-02 
 2.353280e+00 -1.136364e-02 
 2.354280e+00 -1.136364e-02 
 2.355280e+00 -1.136364e-02 
 2.356280e+00 -1.136364e-02 
 2.357280e+00 -1.136364e-02 
 2.358280e+00 -1.136364e-02 
 2.359280e+00 -1.136364e-02 
 2.360280e+00 -1.136364e-02 
 2.361280e+00 -1.136364e-02 
 2.362280e+00 -1.136364e-02 
 2.363280e+00 -1.136364e-02 
 2.364280e+00 -1.136364e-02 
 2.365280e+00 -1.136364e-02 
 2.366280e+00 -1.136364e-02 
 2.367280e+00 -1.136364e-02 
 2.368280e+00 -1.136364e-02 
 2.369280e+00 -1.136364e-02 
 2.370280e+00 -1.136364e-02 
 2.371280e+00 -1.136364e-02 
 2.372280e+00 -1.136364e-02 
 2.373280e+00 -1.136364e-02 
 2.374280e+00 -1.136364e-02 
 2.375280e+00 -1.136364e-02 
 2.376280e+00 -1.136364e-02 
 2.377280e+00 -1.136364e-02 
 2.378280e+00 -1.136364e-02 
 2.379280e+00 -1.136364e-02 
 2.380280e+00 -1.136364e-02 
 2.381280e+00 -1.136364e-02 
 2.382280e+00 -1.136364e-02 
 2.383280e+00 -1.136364e-02 
 2.384280e+00 -1.136364e-02 
 2.385280e+00 -1.136364e-02 
 2.386280e+00 -1.136364e-02 
 2.387280e+00 -1.136364e-02 
 2.388280e+00 -1.136364e-02 
 2.389280e+00 -1.136364e-02 
 2.390280e+00 -1.136364e-02 
 2.391280e+00 -1.136364e-02 
 2.392280e+00 -1.136364e-02 
 2.393280e+00 -1.136364e-02 
 2.394280e+00 -1.136364e-02 
 2.395280e+00 -1.136364e-02 
 2.396280e+00 -1.136364e-02 
 2.397280e+00 -1.136364e-02 
 2.398280e+00 -1.136364e-02 
 2.399280e+00 -1.136364e-02 
 2.400280e+00 -1.136364e-02 
 2.401280e+00 -1.136364e-02 
 2.402280e+00 -1.136364e-02 
 2.403280e+00 -1.136364e-02 
 2.404280e+00 -1.136364e-02 
 2.405280e+00 -1.136364e-02 
 2.406280e+00 -1.136364e-02 
 2.407280e+00 -1.136364e-02 
 2.408280e+00 -1.136364e-02 
 2.409280e+00 -1.136364e-02 
 2.410280e+00 -1.136364e-02 
 2.411280e+00 -1.136364e-02 
 2.412280e+00 -1.136364e-02 
 2.413280e+00 -1.136364e-02 
 2.414280e+00 -1.136364e-02 
 2.415280e+00 -1.136364e-02 
 2.416280e+00 -1.136364e-02 
 2.417280e+00 -1.136364e-02 
 2.418280e+00 -1.136364e-02 
 2.419280e+00 -1.136364e-02 
 2.420280e+00 -1.136364e-02 
 2.421280e+00 -1.136364e-02 
 2.422280e+00 -1.136364e-02 
 2.423280e+00 -1.136364e-02 
 2.424280e+00 -1.136364e-02 
 2.425280e+00 -1.136364e-02 
 2.426280e+00 -1.136364e-02 
 2.427280e+00 -1.136364e-02 
 2.428280e+00 -1.136364e-02 
 2.429280e+00 -1.136364e-02 
 2.430280e+00 -1.136364e-02 
 2.431280e+00 -1.136364e-02 
 2.432280e+00 -1.136364e-02 
 2.433280e+00 -1.136364e-02 
 2.434280e+00 -1.136364e-02 
 2.435280e+00 -1.136364e-02 
 2.436280e+00 -1.136364e-02 
 2.437280e+00 -1.136364e-02 
 2.438280e+00 -1.136364e-02 
 2.439280e+00 -1.136364e-02 
 2.440280e+00 -1.136364e-02 
 2.441280e+00 -1.136364e-02 
 2.442280e+00 -1.136364e-02 
 2.443280e+00 -1.136364e-02 
 2.444280e+00 -1.136364e-02 
 2.445280e+00 -1.136364e-02 
 2.446280e+00 -1.136364e-02 
 2.447280e+00 -1.136364e-02 
 2.448280e+00 -1.136364e-02 
 2.449280e+00 -1.136364e-02 
 2.450280e+00 -1.136364e-02 
 2.451280e+00 -1.136364e-02 
 2.452280e+00 -1.136364e-02 
 2.453280e+00 -1.136364e-02 
 2.454280e+00 -1.136364e-02 
 2.455280e+00 -1.136364e-02 
 2.456280e+00 -1.136364e-02 
 2.457280e+00 -1.136364e-02 
 2.458280e+00 -1.136364e-02 
 2.459280e+00 -1.136364e-02 
 2.460280e+00 -1.136364e-02 
 2.461280e+00 -1.136364e-02 
 2.462280e+00 -1.136364e-02 
 2.463280e+00 -1.136364e-02 
 2.464280e+00 -1.136364e-02 
 2.465280e+00 -1.136364e-02 
 2.466280e+00 -1.136364e-02 
 2.467280e+00 -1.136364e-02 
 2.468280e+00 -1.136364e-02 
 2.469280e+00 -1.136364e-02 
 2.470280e+00 -1.136364e-02 
 2.471280e+00 -1.136364e-02 
 2.472280e+00 -1.136364e-02 
 2.473280e+00 -1.136364e-02 
 2.474280e+00 -1.136364e-02 
 2.475280e+00 -1.136364e-02 
 2.476280e+00 -1.136364e-02 
 2.477280e+00 -1.136364e-02 
 2.478280e+00 -1.136364e-02 
 2.479280e+00 -1.136364e-02 
 2.480280e+00 -1.136364e-02 
 2.481280e+00 -1.136364e-02 
 2.482280e+00 -1.136364e-02 
 2.483280e+00 -1.136364e-02 
 2.484280e+00 -1.136364e-02 
 2.485280e+00 -1.136364e-02 
 2.486280e+00 -1.136364e-02 
 2.487280e+00 -1.136364e-02 
 2.488280e+00 -1.136364e-02 
 2.489280e+00 -1.136364e-02 
 2.490280e+00 -1.136364e-02 
 2.491280e+00 -1.136364e-02 
 2.492280e+00 -1.136364e-02 
 2.493280e+00 -1.136364e-02 
 2.494280e+00 -1.136364e-02 
 2.495280e+00 -1.136364e-02 
 2.496280e+00 -1.136364e-02 
 2.497280e+00 -1.136364e-02 
 2.498280e+00 -1.136364e-02 
 2.499280e+00 -1.136364e-02 
 2.500280e+00 -1.136364e-02 
 2.501280e+00 -1.136364e-02 
 2.502280e+00 -1.136364e-02 
 2.503280e+00 -1.136364e-02 
 2.504280e+00 -1.136364e-02 
 2.505280e+00 -1.136364e-02 
 2.506280e+00 -1.136364e-02 
 2.507280e+00 -1.136364e-02 
 2.508280e+00 -1.136364e-02 
 2.509280e+00 -1.136364e-02 
 2.510280e+00 -1.136364e-02 
 2.511280e+00 -1.136364e-02 
 2.512280e+00 -1.136364e-02 
 2.513280e+00 -1.136364e-02 
 2.514280e+00 -1.136364e-02 
 2.515280e+00 -1.136364e-02 
 2.516280e+00 -1.136364e-02 
 2.517280e+00 -1.136364e-02 
 2.518280e+00 -1.136364e-02 
 2.519280e+00 -1.136364e-02 
 2.520280e+00 -1.136364e-02 
 2.521280e+00 -1.136364e-02 
 2.522280e+00 -1.136364e-02 
 2.523280e+00 -1.136364e-02 
 2.524280e+00 -1.136364e-02 
 2.525280e+00 -1.136364e-02 
 2.526280e+00 -1.136364e-02 
 2.527280e+00 -1.136364e-02 
 2.528280e+00 -1.136364e-02 
 2.529280e+00 -1.136364e-02 
 2.530280e+00 -1.136364e-02 
 2.531280e+00 -1.136364e-02 
 2.532280e+00 -1.136364e-02 
 2.533280e+00 -1.136364e-02 
 2.534280e+00 -1.136364e-02 
 2.535280e+00 -1.136364e-02 
 2.536280e+00 -1.136364e-02 
 2.537280e+00 -1.136364e-02 
 2.538280e+00 -1.136364e-02 
 2.539280e+00 -1.136364e-02 
 2.540280e+00 -1.136364e-02 
 2.541280e+00 -1.136364e-02 
 2.542280e+00 -1.136364e-02 
 2.543280e+00 -1.136364e-02 
 2.544280e+00 -1.136364e-02 
 2.545280e+00 -1.136364e-02 
 2.546280e+00 -1.136364e-02 
 2.547280e+00 -1.136364e-02 
 2.548280e+00 -1.136364e-02 
 2.549280e+00 -1.136364e-02 
 2.550280e+00 -1.136364e-02 
 2.551280e+00 -1.136364e-02 
 2.552280e+00 -1.136364e-02 
 2.553280e+00 -1.136364e-02 
 2.554280e+00 -1.136364e-02 
 2.555280e+00 -1.136364e-02 
 2.556280e+00 -1.136364e-02 
 2.557280e+00 -1.136364e-02 
 2.558280e+00 -1.136364e-02 
 2.559280e+00 -1.136364e-02 
 2.560280e+00 -1.136364e-02 
 2.561280e+00 -1.136364e-02 
 2.562280e+00 -1.136364e-02 
 2.563280e+00 -1.136364e-02 
 2.564280e+00 -1.136364e-02 
 2.565280e+00 -1.136364e-02 
 2.566280e+00 -1.136364e-02 
 2.567280e+00 -1.136364e-02 
 2.568280e+00 -1.136364e-02 
 2.569280e+00 -1.136364e-02 
 2.570280e+00 -1.136364e-02 
 2.571280e+00 -1.136364e-02 
 2.572280e+00 -1.136364e-02 
 2.573280e+00 -1.136364e-02 
 2.574280e+00 -1.136364e-02 
 2.575280e+00 -1.136364e-02 
 2.576280e+00 -1.136364e-02 
 2.577280e+00 -1.136364e-02 
 2.578280e+00 -1.136364e-02 
 2.579280e+00 -1.136364e-02 
 2.580280e+00 -1.136364e-02 
 2.581280e+00 -1.136364e-02 
 2.582280e+00 -1.136364e-02 
 2.583280e+00 -1.136364e-02 
 2.584280e+00 -1.136364e-02 
 2.585280e+00 -1.136364e-02 
 2.586280e+00 -1.136364e-02 
 2.587280e+00 -1.136364e-02 
 2.588280e+00 -1.136364e-02 
 2.589280e+00 -1.136364e-02 
 2.590280e+00 -1.136364e-02 
 2.591280e+00 -1.136364e-02 
 2.592280e+00 -1.136364e-02 
 2.593280e+00 -1.136364e-02 
 2.594280e+00 -1.136364e-02 
 2.595280e+00 -1.136364e-02 
 2.596280e+00 -1.136364e-02 
 2.597280e+00 -1.136364e-02 
 2.598280e+00 -1.136364e-02 
 2.599280e+00 -1.136364e-02 
 2.600280e+00 -1.136364e-02 
 2.601280e+00 -1.136364e-02 
 2.602280e+00 -1.136364e-02 
 2.603280e+00 -1.136364e-02 
 2.604280e+00 -1.136364e-02 
 2.605280e+00 -1.136364e-02 
 2.606280e+00 -1.136364e-02 
 2.607280e+00 -1.136364e-02 
 2.608280e+00 -1.136364e-02 
 2.609280e+00 -1.136364e-02 
 2.610280e+00 -1.136364e-02 
 2.611280e+00 -1.136364e-02 
 2.612280e+00 -1.136364e-02 
 2.613280e+00 -1.136364e-02 
 2.614280e+00 -1.136364e-02 
 2.615280e+00 -1.136364e-02 
 2.616280e+00 -1.136364e-02 
 2.617280e+00 -1.136364e-02 
 2.618280e+00 -1.136364e-02 
 2.619280e+00 -1.136364e-02 
 2.620280e+00 -1.136364e-02 
 2.621280e+00 -1.136364e-02 
 2.622280e+00 -1.136364e-02 
 2.623280e+00 -1.136364e-02 
 2.624280e+00 -1.136364e-02 
 2.625280e+00 -1.136364e-02 
 2.626280e+00 -1.136364e-02 
 2.627280e+00 -1.136364e-02 
 2.628280e+00 -1.136364e-02 
 2.629280e+00 -1.136364e-02 
 2.630280e+00 -1.136364e-02 
 2.631280e+00 -1.136364e-02 
 2.632280e+00 -1.136364e-02 
 2.633280e+00 -1.136364e-02 
 2.634280e+00 -1.136364e-02 
 2.635280e+00 -1.136364e-02 
 2.636280e+00 -1.136364e-02 
 2.637280e+00 -1.136364e-02 
 2.638280e+00 -1.136364e-02 
 2.639280e+00 -1.136364e-02 
 2.640280e+00 -1.136364e-02 
 2.641280e+00 -1.136364e-02 
 2.642280e+00 -1.136364e-02 
 2.643280e+00 -1.136364e-02 
 2.644280e+00 -1.136364e-02 
 2.645280e+00 -1.136364e-02 
 2.646280e+00 -1.136364e-02 
 2.647280e+00 -1.136364e-02 
 2.648280e+00 -1.136364e-02 
 2.649280e+00 -1.136364e-02 
 2.650280e+00 -1.136364e-02 
 2.651280e+00 -1.136364e-02 
 2.652280e+00 -1.136364e-02 
 2.653280e+00 -1.136364e-02 
 2.654280e+00 -1.136364e-02 
 2.655280e+00 -1.136364e-02 
 2.656280e+00 -1.136364e-02 
 2.657280e+00 -1.136364e-02 
 2.658280e+00 -1.136364e-02 
 2.659280e+00 -1.136364e-02 
 2.660280e+00 -1.136364e-02 
 2.661280e+00 -1.136364e-02 
 2.662280e+00 -1.136364e-02 
 2.663280e+00 -1.136364e-02 
 2.664280e+00 -1.136364e-02 
 2.665280e+00 -1.136364e-02 
 2.666280e+00 -1.136364e-02 
 2.667280e+00 -1.136364e-02 
 2.668280e+00 -1.136364e-02 
 2.669280e+00 -1.136364e-02 
 2.670280e+00 -1.136364e-02 
 2.671280e+00 -1.136364e-02 
 2.672280e+00 -1.136364e-02 
 2.673280e+00 -1.136364e-02 
 2.674280e+00 -1.136364e-02 
 2.675280e+00 -1.136364e-02 
 2.676280e+00 -1.136364e-02 
 2.677280e+00 -1.136364e-02 
 2.678280e+00 -1.136364e-02 
 2.679280e+00 -1.136364e-02 
 2.680280e+00 -1.136364e-02 
 2.681280e+00 -1.136364e-02 
 2.682280e+00 -1.136364e-02 
 2.683280e+00 -1.136364e-02 
 2.684280e+00 -1.136364e-02 
 2.685280e+00 -1.136364e-02 
 2.686280e+00 -1.136364e-02 
 2.687280e+00 -1.136364e-02 
 2.688280e+00 -1.136364e-02 
 2.689280e+00 -1.136364e-02 
 2.690280e+00 -1.136364e-02 
 2.691280e+00 -1.136364e-02 
 2.692280e+00 -1.136364e-02 
 2.693280e+00 -1.136364e-02 
 2.694280e+00 -1.136364e-02 
 2.695280e+00 -1.136364e-02 
 2.696280e+00 -1.136364e-02 
 2.697280e+00 -1.136364e-02 
 2.698280e+00 -1.136364e-02 
 2.699280e+00 -1.136364e-02 
 2.700280e+00 -1.136364e-02 
 2.701280e+00 -1.136364e-02 
 2.702280e+00 -1.136364e-02 
 2.703280e+00 -1.136364e-02 
 2.704280e+00 -1.136364e-02 
 2.705280e+00 -1.136364e-02 
 2.706280e+00 -1.136364e-02 
 2.707280e+00 -1.136364e-02 
 2.708280e+00 -1.136364e-02 
 2.709280e+00 -1.136364e-02 
 2.710280e+00 -1.136364e-02 
 2.711280e+00 -1.136364e-02 
 2.712280e+00 -1.136364e-02 
 2.713280e+00 -1.136364e-02 
 2.714280e+00 -1.136364e-02 
 2.715280e+00 -1.136364e-02 
 2.716280e+00 -1.136364e-02 
 2.717280e+00 -1.136364e-02 
 2.718280e+00 -1.136364e-02 
 2.719280e+00 -1.136364e-02 
 2.720280e+00 -1.136364e-02 
 2.721280e+00 -1.136364e-02 
 2.722280e+00 -1.136364e-02 
 2.723280e+00 -1.136364e-02 
 2.724280e+00 -1.136364e-02 
 2.725280e+00 -1.136364e-02 
 2.726280e+00 -1.136364e-02 
 2.727280e+00 -1.136364e-02 
 2.728280e+00 -1.136364e-02 
 2.729280e+00 -1.136364e-02 
 2.730280e+00 -1.136364e-02 
 2.731280e+00 -1.136364e-02 
 2.732280e+00 -1.136364e-02 
 2.733280e+00 -1.136364e-02 
 2.734280e+00 -1.136364e-02 
 2.735280e+00 -1.136364e-02 
 2.736280e+00 -1.136364e-02 
 2.737280e+00 -1.136364e-02 
 2.738280e+00 -1.136364e-02 
 2.739280e+00 -1.136364e-02 
 2.740280e+00 -1.136364e-02 
 2.741280e+00 -1.136364e-02 
 2.742280e+00 -1.136364e-02 
 2.743280e+00 -1.136364e-02 
 2.744280e+00 -1.136364e-02 
 2.745280e+00 -1.136364e-02 
 2.746280e+00 -1.136364e-02 
 2.747280e+00 -1.136364e-02 
 2.748280e+00 -1.136364e-02 
 2.749280e+00 -1.136364e-02 
 2.750280e+00 -1.136364e-02 
 2.751280e+00 -1.136364e-02 
 2.752280e+00 -1.136364e-02 
 2.753280e+00 -1.136364e-02 
 2.754280e+00 -1.136364e-02 
 2.755280e+00 -1.136364e-02 
 2.756280e+00 -1.136364e-02 
 2.757280e+00 -1.136364e-02 
 2.758280e+00 -1.136364e-02 
 2.759280e+00 -1.136364e-02 
 2.760280e+00 -1.136364e-02 
 2.761280e+00 -1.136364e-02 
 2.762280e+00 -1.136364e-02 
 2.763280e+00 -1.136364e-02 
 2.764280e+00 -1.136364e-02 
 2.765280e+00 -1.136364e-02 
 2.766280e+00 -1.136364e-02 
 2.767280e+00 -1.136364e-02 
 2.768280e+00 -1.136364e-02 
 2.769280e+00 -1.136364e-02 
 2.770280e+00 -1.136364e-02 
 2.771280e+00 -1.136364e-02 
 2.772280e+00 -1.136364e-02 
 2.773280e+00 -1.136364e-02 
 2.774280e+00 -1.136364e-02 
 2.775280e+00 -1.136364e-02 
 2.776280e+00 -1.136364e-02 
 2.777280e+00 -1.136364e-02 
 2.778280e+00 -1.136364e-02 
 2.779280e+00 -1.136364e-02 
 2.780280e+00 -1.136364e-02 
 2.781280e+00 -1.136364e-02 
 2.782280e+00 -1.136364e-02 
 2.783280e+00 -1.136364e-02 
 2.784280e+00 -1.136364e-02 
 2.785280e+00 -1.136364e-02 
 2.786280e+00 -1.136364e-02 
 2.787280e+00 -1.136364e-02 
 2.788280e+00 -1.136364e-02 
 2.789280e+00 -1.136364e-02 
 2.790280e+00 -1.136364e-02 
 2.791280e+00 -1.136364e-02 
 2.792280e+00 -1.136364e-02 
 2.793280e+00 -1.136364e-02 
 2.794280e+00 -1.136364e-02 
 2.795280e+00 -1.136364e-02 
 2.796280e+00 -1.136364e-02 
 2.797280e+00 -1.136364e-02 
 2.798280e+00 -1.136364e-02 
 2.799280e+00 -1.136364e-02 
 2.800280e+00 -1.136364e-02 
 2.801280e+00 -1.136364e-02 
 2.802280e+00 -1.136364e-02 
 2.803280e+00 -1.136364e-02 
 2.804280e+00 -1.136364e-02 
 2.805280e+00 -1.136364e-02 
 2.806280e+00 -1.136364e-02 
 2.807280e+00 -1.136364e-02 
 2.808280e+00 -1.136364e-02 
 2.809280e+00 -1.136364e-02 
 2.810280e+00 -1.136364e-02 
 2.811280e+00 -1.136364e-02 
 2.812280e+00 -1.136364e-02 
 2.813280e+00 -1.136364e-02 
 2.814280e+00 -1.136364e-02 
 2.815280e+00 -1.136364e-02 
 2.816280e+00 -1.136364e-02 
 2.817280e+00 -1.136364e-02 
 2.818280e+00 -1.136364e-02 
 2.819280e+00 -1.136364e-02 
 2.820280e+00 -1.136364e-02 
 2.821280e+00 -1.136364e-02 
 2.822280e+00 -1.136364e-02 
 2.823280e+00 -1.136364e-02 
 2.824280e+00 -1.136364e-02 
 2.825280e+00 -1.136364e-02 
 2.826280e+00 -1.136364e-02 
 2.827280e+00 -1.136364e-02 
 2.828280e+00 -1.136364e-02 
 2.829280e+00 -1.136364e-02 
 2.830280e+00 -1.136364e-02 
 2.831280e+00 -1.136364e-02 
 2.832280e+00 -1.136364e-02 
 2.833280e+00 -1.136364e-02 
 2.834280e+00 -1.136364e-02 
 2.835280e+00 -1.136364e-02 
 2.836280e+00 -1.136364e-02 
 2.837280e+00 -1.136364e-02 
 2.838280e+00 -1.136364e-02 
 2.839280e+00 -1.136364e-02 
 2.840280e+00 -1.136364e-02 
 2.841280e+00 -1.136364e-02 
 2.842280e+00 -1.136364e-02 
 2.843280e+00 -1.136364e-02 
 2.844280e+00 -1.136364e-02 
 2.845280e+00 -1.136364e-02 
 2.846280e+00 -1.136364e-02 
 2.847280e+00 -1.136364e-02 
 2.848280e+00 -1.136364e-02 
 2.849280e+00 -1.136364e-02 
 2.850280e+00 -1.136364e-02 
 2.851280e+00 -1.136364e-02 
 2.852280e+00 -1.136364e-02 
 2.853280e+00 -1.136364e-02 
 2.854280e+00 -1.136364e-02 
 2.855280e+00 -1.136364e-02 
 2.856280e+00 -1.136364e-02 
 2.857280e+00 -1.136364e-02 
 2.858280e+00 -1.136364e-02 
 2.859280e+00 -1.136364e-02 
 2.860280e+00 -1.136364e-02 
 2.861280e+00 -1.136364e-02 
 2.862280e+00 -1.136364e-02 
 2.863280e+00 -1.136364e-02 
 2.864280e+00 -1.136364e-02 
 2.865280e+00 -1.136364e-02 
 2.866280e+00 -1.136364e-02 
 2.867280e+00 -1.136364e-02 
 2.868280e+00 -1.136364e-02 
 2.869280e+00 -1.136364e-02 
 2.870280e+00 -1.136364e-02 
 2.871280e+00 -1.136364e-02 
 2.872280e+00 -1.136364e-02 
 2.873280e+00 -1.136364e-02 
 2.874280e+00 -1.136364e-02 
 2.875280e+00 -1.136364e-02 
 2.876280e+00 -1.136364e-02 
 2.877280e+00 -1.136364e-02 
 2.878280e+00 -1.136364e-02 
 2.879280e+00 -1.136364e-02 
 2.880280e+00 -1.136364e-02 
 2.881280e+00 -1.136364e-02 
 2.882280e+00 -1.136364e-02 
 2.883280e+00 -1.136364e-02 
 2.884280e+00 -1.136364e-02 
 2.885280e+00 -1.136364e-02 
 2.886280e+00 -1.136364e-02 
 2.887280e+00 -1.136364e-02 
 2.888280e+00 -1.136364e-02 
 2.889280e+00 -1.136364e-02 
 2.890280e+00 -1.136364e-02 
 2.891280e+00 -1.136364e-02 
 2.892280e+00 -1.136364e-02 
 2.893280e+00 -1.136364e-02 
 2.894280e+00 -1.136364e-02 
 2.895280e+00 -1.136364e-02 
 2.896280e+00 -1.136364e-02 
 2.897280e+00 -1.136364e-02 
 2.898280e+00 -1.136364e-02 
 2.899280e+00 -1.136364e-02 
 2.900280e+00 -1.136364e-02 
 2.901280e+00 -1.136364e-02 
 2.902280e+00 -1.136364e-02 
 2.903280e+00 -1.136364e-02 
 2.904280e+00 -1.136364e-02 
 2.905280e+00 -1.136364e-02 
 2.906280e+00 -1.136364e-02 
 2.907280e+00 -1.136364e-02 
 2.908280e+00 -1.136364e-02 
 2.909280e+00 -1.136364e-02 
 2.910280e+00 -1.136364e-02 
 2.911280e+00 -1.136364e-02 
 2.912280e+00 -1.136364e-02 
 2.913280e+00 -1.136364e-02 
 2.914280e+00 -1.136364e-02 
 2.915280e+00 -1.136364e-02 
 2.916280e+00 -1.136364e-02 
 2.917280e+00 -1.136364e-02 
 2.918280e+00 -1.136364e-02 
 2.919280e+00 -1.136364e-02 
 2.920280e+00 -1.136364e-02 
 2.921280e+00 -1.136364e-02 
 2.922280e+00 -1.136364e-02 
 2.923280e+00 -1.136364e-02 
 2.924280e+00 -1.136364e-02 
 2.925280e+00 -1.136364e-02 
 2.926280e+00 -1.136364e-02 
 2.927280e+00 -1.136364e-02 
 2.928280e+00 -1.136364e-02 
 2.929280e+00 -1.136364e-02 
 2.930280e+00 -1.136364e-02 
 2.931280e+00 -1.136364e-02 
 2.932280e+00 -1.136364e-02 
 2.933280e+00 -1.136364e-02 
 2.934280e+00 -1.136364e-02 
 2.935280e+00 -1.136364e-02 
 2.936280e+00 -1.136364e-02 
 2.937280e+00 -1.136364e-02 
 2.938280e+00 -1.136364e-02 
 2.939280e+00 -1.136364e-02 
 2.940280e+00 -1.136364e-02 
 2.941280e+00 -1.136364e-02 
 2.942280e+00 -1.136364e-02 
 2.943280e+00 -1.136364e-02 
 2.944280e+00 -1.136364e-02 
 2.945280e+00 -1.136364e-02 
 2.946280e+00 -1.136364e-02 
 2.947280e+00 -1.136364e-02 
 2.948280e+00 -1.136364e-02 
 2.949280e+00 -1.136364e-02 
 2.950280e+00 -1.136364e-02 
 2.951280e+00 -1.136364e-02 
 2.952280e+00 -1.136364e-02 
 2.953280e+00 -1.136364e-02 
 2.954280e+00 -1.136364e-02 
 2.955280e+00 -1.136364e-02 
 2.956280e+00 -1.136364e-02 
 2.957280e+00 -1.136364e-02 
 2.958280e+00 -1.136364e-02 
 2.959280e+00 -1.136364e-02 
 2.960280e+00 -1.136364e-02 
 2.961280e+00 -1.136364e-02 
 2.962280e+00 -1.136364e-02 
 2.963280e+00 -1.136364e-02 
 2.964280e+00 -1.136364e-02 
 2.965280e+00 -1.136364e-02 
 2.966280e+00 -1.136364e-02 
 2.967280e+00 -1.136364e-02 
 2.968280e+00 -1.136364e-02 
 2.969280e+00 -1.136364e-02 
 2.970280e+00 -1.136364e-02 
 2.971280e+00 -1.136364e-02 
 2.972280e+00 -1.136364e-02 
 2.973280e+00 -1.136364e-02 
 2.974280e+00 -1.136364e-02 
 2.975280e+00 -1.136364e-02 
 2.976280e+00 -1.136364e-02 
 2.977280e+00 -1.136364e-02 
 2.978280e+00 -1.136364e-02 
 2.979280e+00 -1.136364e-02 
 2.980280e+00 -1.136364e-02 
 2.981280e+00 -1.136364e-02 
 2.982280e+00 -1.136364e-02 
 2.983280e+00 -1.136364e-02 
 2.984280e+00 -1.136364e-02 
 2.985280e+00 -1.136364e-02 
 2.986280e+00 -1.136364e-02 
 2.987280e+00 -1.136364e-02 
 2.988280e+00 -1.136364e-02 
 2.989280e+00 -1.136364e-02 
 2.990280e+00 -1.136364e-02 
 2.991280e+00 -1.136364e-02 
 2.992280e+00 -1.136364e-02 
 2.993280e+00 -1.136364e-02 
 2.994280e+00 -1.136364e-02 
 2.995280e+00 -1.136364e-02 
 2.996280e+00 -1.136364e-02 
 2.997280e+00 -1.136364e-02 
 2.998280e+00 -1.136364e-02 
 2.999280e+00 -1.136364e-02 
 3.000000e+00 -1.136364e-02 
